desc: I1 cache:         32768 B, 64 B, 8-way associative
desc: D1 cache:         32768 B, 64 B, 8-way associative
desc: LL cache:         6291456 B, 64 B, 12-way associative
cmd: ./SOA
events: Ir I1mr ILmr Dr D1mr DLmr Dw D1mw DLmw 
fl=/build/glibc-Cl5G7W/glibc-2.23/csu/../csu/init-first.c
fn=_init
52 8 1 1 0 0 0 4 0 0
58 4 1 1 1 0 0 1 1 1
65 5 1 1 4 0 0 0 0 0
70 1 0 0 0 0 0 1 1 1
71 1 0 0 0 0 0 1 1 1
72 2 0 0 1 0 0 1 1 1
86 4 0 0 0 0 0 1 0 0
94 1 0 0 0 0 0 1 0 0
99 6 0 0 5 0 0 0 0 0
fl=/build/glibc-Cl5G7W/glibc-2.23/csu/../csu/libc-start.c
fn=(below main)
134 10 1 1 0 0 0 8 0 0
138 7 1 1 1 0 0 1 0 0
220 2 1 1 0 0 0 0 0 0
221 4 0 0 0 0 0 1 0 0
243 4 0 0 2 0 0 0 0 0
246 2 0 0 0 0 0 0 0 0
247 5 0 0 4 0 0 1 0 0
251 4 1 1 2 0 0 0 0 0
266 2 0 0 0 0 0 0 0 0
278 2 0 0 0 0 0 1 0 0
279 2 0 0 0 0 0 0 0 0
284 2 0 0 1 1 0 1 0 0
285 2 0 0 1 1 0 1 0 0
288 2 0 0 0 0 0 1 0 0
291 6 0 0 5 0 0 1 0 0
325 2 1 1 0 0 0 1 0 0
fl=/build/glibc-Cl5G7W/glibc-2.23/csu/../sysdeps/generic/dl-hash.h
fn=_init
45 12 0 0 4 0 0 0 0 0
48 12 0 0 0 0 0 0 0 0
62 16 0 0 0 0 0 0 0 0
fl=/build/glibc-Cl5G7W/glibc-2.23/csu/../sysdeps/unix/sysv/linux/x86_64/init-first.c
fn=_init
36 11 2 2 0 0 0 4 0 0
38 4 0 0 0 0 0 1 0 0
39 2 0 0 0 0 0 0 0 0
40 2 1 1 0 0 0 0 0 0
41 2 1 1 1 0 0 0 0 0
42 1 0 0 0 0 0 1 0 0
44 3 0 0 0 0 0 1 0 0
45 2 0 0 1 0 0 0 0 0
46 1 0 0 0 0 0 1 0 0
fl=/build/glibc-Cl5G7W/glibc-2.23/ctype/ctype-info.c
fn=__ctype_init
31 7 2 2 5 2 0 1 0 0
33 4 0 0 2 0 0 1 0 0
35 5 0 0 3 0 0 1 0 0
fl=/build/glibc-Cl5G7W/glibc-2.23/elf/../elf/dl-runtime.c
fn=_dl_fixup
66 12 1 1 0 0 0 4 0 0
68 4 0 0 4 0 0 0 0 0
69 8 1 1 8 4 2 0 0 0
71 16 0 0 4 3 2 0 0 0
72 4 0 0 4 3 2 0 0 0
73 28 0 0 8 5 3 4 0 0
74 12 0 0 8 2 1 0 0 0
79 8 1 1 0 0 0 0 0 0
83 8 0 0 4 3 2 0 0 0
87 12 0 0 4 3 2 0 0 0
91 4 0 0 4 3 2 0 0 0
92 20 0 0 8 5 3 0 0 0
94 16 1 1 4 3 2 0 0 0
100 4 0 0 0 0 0 0 0 0
101 12 0 0 4 1 1 0 0 0
111 40 1 1 8 3 2 12 2 1
115 20 0 0 12 0 0 0 0 0
125 24 0 0 8 1 1 0 0 0
133 4 0 0 4 0 0 0 0 0
141 16 0 0 4 0 0 0 0 0
145 12 1 1 4 2 1 0 0 0
149 12 0 0 8 0 0 0 0 0
fl=/build/glibc-Cl5G7W/glibc-2.23/elf/../elf/dl-sysdep.c
fn=_dl_sysdep_start
86 8 1 1 0 0 0 6 0 0
110 1 0 0 0 0 0 1 0 0
111 224 1 1 73 10 10 4 3 3
114 2 0 0 0 0 0 1 1 1
115 1 0 0 0 0 0 1 0 0
117 132 6 6 34 3 3 17 0 0
118 107 0 0 18 2 2 0 0 0
121 1 0 0 1 0 0 0 0 0
122 1 0 0 0 0 0 0 0 0
124 1 1 1 1 0 0 0 0 0
125 1 0 0 0 0 0 0 0 0
127 1 1 1 1 0 0 0 0 0
128 2 0 0 0 0 0 0 0 0
130 1 0 0 1 0 0 0 0 0
131 2 0 0 0 0 0 0 0 0
151 1 1 1 1 0 0 0 0 0
152 2 0 0 0 0 0 0 0 0
154 1 0 0 1 0 0 0 0 0
155 2 0 0 0 0 0 0 0 0
157 2 1 1 1 0 0 1 0 0
158 2 0 0 0 0 0 0 0 0
163 2 0 0 1 1 1 1 0 0
164 2 0 0 0 0 0 1 0 0
179 2 0 0 1 1 1 1 0 0
180 2 0 0 0 0 0 1 0 0
231 2 0 0 0 0 0 0 0 0
232 2 0 0 0 0 0 2 0 0
234 5 1 1 0 0 0 1 0 0
246 3 0 0 1 0 0 0 0 0
249 5 0 0 1 0 0 1 0 0
250 1 1 0 1 1 0 0 0 0
251 8 1 0 7 1 0 0 0 0
fn=_dl_sysdep_start_cleanup
256 1 1 0 1 0 0 0 0 0
fl=/build/glibc-Cl5G7W/glibc-2.23/elf/../misc/sbrk.c
fn=sbrk
34 4 1 1 0 0 0 2 0 0
42 6 0 0 2 1 1 0 0 0
46 2 0 0 0 0 0 0 0 0
62 5 1 1 3 0 0 0 0 0
fl=/build/glibc-Cl5G7W/glibc-2.23/elf/../string/bits/string2.h
fn=handle_ld_preload
961 189 1 1 47 0 0 0 0 0
962 145 0 0 0 0 0 0 0 0
963 93 0 0 0 0 0 0 0 0
fl=/build/glibc-Cl5G7W/glibc-2.23/elf/../sysdeps/generic/dl-hash.h
fn=do_lookup_x
31 168 2 2 168 0 0 0 0 0
32 504 0 0 84 0 0 0 0 0
34 168 0 0 0 0 0 0 0 0
35 336 0 0 168 0 0 0 0 0
37 168 0 0 0 0 0 0 0 0
38 336 0 0 168 0 0 0 0 0
40 168 1 1 0 0 0 0 0 0
41 336 0 0 168 0 0 0 0 0
43 162 0 0 0 0 0 0 0 0
44 162 0 0 81 0 0 0 0 0
45 2490 0 0 830 0 0 0 0 0
48 2247 0 0 0 0 0 0 0 0
62 2996 0 0 0 0 0 0 0 0
67 501 1 1 0 0 0 0 0 0
fl=/build/glibc-Cl5G7W/glibc-2.23/elf/../sysdeps/posix/dl-fileid.h
fn=_dl_map_object_from_fd
37 12 1 1 0 0 0 2 0 0
40 2 0 0 2 0 0 0 0 0
41 4 0 0 2 0 0 2 0 0
49 12 1 1 6 1 1 0 0 0
fl=/build/glibc-Cl5G7W/glibc-2.23/elf/../sysdeps/unix/sysv/linux/dl-osinfo.h
fn=dl_main
77 1 0 0 1 0 0 0 0 0
fl=/build/glibc-Cl5G7W/glibc-2.23/elf/../sysdeps/unix/sysv/linux/dl-sysdep.c
fn=_dl_discover_osversion
45 7 2 2 0 0 0 6 0 0
47 3 0 0 1 0 0 0 0 0
87 5 1 1 0 0 0 1 1 1
102 1 0 0 0 0 0 0 0 0
106 1 0 0 0 0 0 0 0 0
107 1 0 0 0 0 0 0 0 0
109 12 0 0 3 1 1 0 0 0
111 6 1 1 0 0 0 0 0 0
113 12 0 0 3 0 0 0 0 0
119 3 0 0 0 0 0 0 0 0
120 3 0 0 0 0 0 0 0 0
121 3 0 0 0 0 0 0 0 0
123 13 0 0 0 0 0 0 0 0
128 2 1 1 0 0 0 0 0 0
132 8 1 1 7 0 0 0 0 0
fn=_dl_sysdep_start
35 2 0 0 0 0 0 1 1 1
fl=/build/glibc-Cl5G7W/glibc-2.23/elf/../sysdeps/unix/sysv/linux/dl-vdso.c
fn=_dl_vdso_vsym
27 8 1 1 8 1 0 0 0 0
28 8 1 1 4 0 0 0 0 0
31 8 0 0 0 0 0 0 0 0
fl=/build/glibc-Cl5G7W/glibc-2.23/elf/../sysdeps/unix/sysv/linux/x86_64/brk.c
fn=brk
31 7 2 2 0 0 0 1 1 1
33 2 0 0 0 0 0 0 0 0
39 1 0 0 0 0 0 0 0 0
40 1 0 0 1 0 0 0 0 0
fl=/build/glibc-Cl5G7W/glibc-2.23/elf/../sysdeps/x86/cpu-features.c
fn=_dl_sysdep_start
29 5 1 1 0 0 0 3 0 0
32 1 0 0 0 0 0 1 0 0
33 3 0 0 0 0 0 0 0 0
34 3 0 0 0 0 0 0 0 0
35 3 0 0 0 0 0 0 0 0
36 2 1 1 0 0 0 0 0 0
41 2 0 0 0 0 0 0 0 0
61 3 1 1 0 0 0 1 0 0
64 10 0 0 0 0 0 0 0 0
68 3 1 1 0 0 0 0 0 0
73 3 0 0 0 0 0 0 0 0
76 1 0 0 0 0 0 0 0 0
77 8 1 1 1 1 1 0 0 0
112 2 1 1 1 0 0 0 0 0
134 2 1 1 1 1 1 0 0 0
175 3 1 1 1 0 0 0 0 0
176 1 0 0 1 0 0 0 0 0
179 2 0 0 0 0 0 0 0 0
180 1 1 1 1 0 0 0 0 0
182 2 0 0 1 0 0 0 0 0
183 7 0 0 0 0 0 4 0 0
190 3 0 0 1 0 0 0 0 0
194 2 0 0 0 0 0 0 0 0
196 4 1 1 0 0 0 0 0 0
200 2 1 1 0 0 0 0 0 0
201 1 0 0 1 0 0 0 0 0
207 3 0 0 1 0 0 0 0 0
209 1 1 1 1 0 0 0 0 0
212 3 0 0 0 0 0 0 0 0
228 2 0 0 0 0 0 0 0 0
229 1 0 0 1 0 0 0 0 0
231 2 0 0 1 0 0 0 0 0
247 4 1 1 0 0 0 0 0 0
248 4 1 1 0 0 0 0 0 0
251 2 1 1 0 0 0 1 0 0
252 2 0 0 1 0 0 0 0 0
258 1 0 0 0 0 0 1 0 0
259 1 0 0 0 0 0 1 0 0
260 1 0 0 0 0 0 1 0 0
fl=/build/glibc-Cl5G7W/glibc-2.23/elf/../sysdeps/x86_64/dl-machine.h
fn=_dl_fixup
235 4 0 0 0 0 0 4 0 0
fn=_dl_relocate_object
76 24 0 0 4 0 0 0 0 0
82 6 0 0 6 2 0 0 0 0
86 9 0 0 3 3 2 0 0 0
92 3 1 1 0 0 0 3 0 0
100 9 0 0 3 0 0 0 0 0
102 3 0 0 3 0 0 0 0 0
120 6 0 0 0 0 0 0 0 0
123 15 1 1 0 0 0 3 0 0
129 15 0 0 4 3 0 0 0 0
269 194 0 0 0 0 0 0 0 0
290 194 0 0 0 0 0 0 0 0
294 194 0 0 0 0 0 0 0 0
301 4174 15 15 982 82 71 734 3 0
303 431 0 0 182 2 0 0 0 0
306 364 1 1 91 0 0 0 0 0
312 582 0 0 97 3 3 0 0 0
407 42 1 1 14 0 0 0 0 0
411 70 0 0 14 1 0 0 0 0
425 70 0 0 28 1 1 14 7 7
435 249 1 1 83 9 9 83 9 5
447 9 0 0 0 0 0 3 0 0
512 3576 0 0 1192 298 298 0 0 0
517 2384 0 0 0 0 0 0 0 0
518 3576 0 0 1192 150 150 1192 224 222
528 26 0 0 17 0 0 0 0 0
532 18 0 0 0 0 0 0 0 0
534 27 0 0 9 0 0 0 0 0
535 9 0 0 9 2 1 0 0 0
554 24 0 0 16 0 0 8 0 0
555 8 0 0 0 0 0 8 0 0
fn=_dl_start
59 3 0 0 1 1 1 0 0 0
266 6 0 0 0 0 0 0 0 0
294 12 0 0 0 0 0 0 0 0
303 24 0 0 12 2 2 0 0 0
306 24 0 0 6 4 4 0 0 0
312 37 0 0 6 1 1 0 0 0
425 12 1 1 6 0 0 6 1 1
517 20 0 0 10 1 1 0 0 0
518 30 1 1 10 2 2 10 2 2
fn=_dl_sysdep_start
223 5 0 0 2 1 1 0 0 0
fl=/build/glibc-Cl5G7W/glibc-2.23/elf/../sysdeps/x86_64/dl-trampoline.h
fn=_dl_runtime_resolve_avx
64 4 1 1 0 0 0 4 0 0
67 4 0 0 0 0 0 0 0 0
69 4 0 0 0 0 0 0 0 0
71 4 0 0 0 0 0 0 0 0
74 4 1 1 0 0 0 4 3 2
75 4 0 0 0 0 0 4 0 0
76 4 0 0 0 0 0 4 0 0
77 4 0 0 0 0 0 4 0 0
78 4 0 0 0 0 0 4 0 0
79 4 0 0 0 0 0 4 0 0
80 4 0 0 0 0 0 4 0 0
81 4 0 0 0 0 0 4 3 2
82 4 1 1 0 0 0 4 2 1
83 4 0 0 0 0 0 4 2 1
84 4 0 0 0 0 0 4 2 1
85 4 0 0 0 0 0 4 1 1
86 4 0 0 0 0 0 4 2 1
87 4 0 0 0 0 0 4 1 1
88 4 0 0 0 0 0 4 2 1
93 4 0 0 0 0 0 0 0 0
94 4 1 1 0 0 0 0 0 0
95 4 0 0 0 0 0 0 0 0
96 4 0 0 0 0 0 0 0 0
110 4 0 0 4 0 0 0 0 0
111 4 0 0 4 0 0 0 0 0
112 4 0 0 0 0 0 4 1 1
113 4 0 0 0 0 0 0 0 0
118 4 0 0 0 0 0 0 0 0
119 4 0 0 0 0 0 0 0 0
120 4 1 1 0 0 0 0 0 0
121 4 0 0 0 0 0 0 0 0
134 4 0 0 4 0 0 0 0 0
135 4 0 0 4 0 0 0 0 0
136 4 0 0 4 0 0 0 0 0
137 4 0 0 4 0 0 0 0 0
138 4 0 0 4 0 0 0 0 0
139 4 0 0 4 0 0 0 0 0
140 4 1 1 4 0 0 0 0 0
141 4 0 0 4 0 0 0 0 0
142 4 0 0 4 0 0 0 0 0
143 4 0 0 4 0 0 0 0 0
144 4 0 0 4 0 0 0 0 0
145 4 0 0 4 0 0 0 0 0
146 4 0 0 4 0 0 0 0 0
147 4 0 0 4 0 0 0 0 0
148 4 0 0 4 0 0 0 0 0
150 4 0 0 0 0 0 0 0 0
152 4 1 1 4 0 0 0 0 0
156 4 0 0 0 0 0 0 0 0
159 4 0 0 0 0 0 0 0 0
fl=/build/glibc-Cl5G7W/glibc-2.23/elf/./dl-load.h
fn=_dl_map_object_from_fd
90 8 0 0 0 0 0 0 0 0
91 6 0 0 4 0 0 2 0 0
93 8 1 1 4 0 0 0 0 0
94 5 1 1 3 0 0 0 0 0
95 11 1 1 3 0 0 0 0 0
98 4 0 0 0 0 0 1 0 0
fl=/build/glibc-Cl5G7W/glibc-2.23/elf/./dl-map-segments.h
fn=_dl_map_object_from_fd
56 22 2 2 8 0 0 6 1 1
60 6 0 0 2 0 0 0 0 0
63 6 1 1 2 0 0 2 0 0
64 4 0 0 0 0 0 2 0 0
66 4 0 0 2 0 0 0 0 0
72 14 0 0 4 0 0 2 0 0
73 8 2 2 4 0 0 0 0 0
76 4 0 0 4 0 0 0 0 0
86 20 0 0 4 0 0 0 0 0
88 8 0 0 4 0 0 0 0 0
90 28 1 1 10 0 0 4 0 0
100 16 0 0 8 0 0 0 0 0
106 4 0 0 2 0 0 0 0 0
107 2 0 0 0 0 0 0 0 0
108 10 0 0 2 0 0 0 0 0
109 4 0 0 0 0 0 0 0 0
116 4 0 0 0 0 0 0 0 0
119 4 2 2 0 0 0 0 0 0
127 24 1 1 6 0 0 8 0 0
133 4 0 0 0 0 0 0 0 0
137 9 1 1 0 0 0 2 0 0
140 3 1 1 1 0 0 0 0 0
145 4 1 1 0 0 0 0 0 0
fl=/build/glibc-Cl5G7W/glibc-2.23/elf/dl-addr.c
fn=_dl_addr
30 2 0 0 1 0 0 1 0 0
31 2 0 0 1 0 0 1 0 0
34 2 0 0 1 0 0 0 0 0
38 1 1 1 1 0 0 0 0 0
39 1 0 0 1 0 0 0 0 0
40 3 0 0 2 0 0 1 0 0
42 2 0 0 2 1 1 0 0 0
45 2 0 0 1 1 1 0 0 0
50 2030 0 0 2 0 0 0 0 0
52 1011 1 1 1011 64 61 0 0 0
53 2022 0 0 0 0 0 0 0 0
55 3628 0 0 907 0 0 0 0 0
61 11175 1 1 2235 483 483 0 0 0
63 8940 0 0 2235 0 0 0 0 0
64 16328 0 0 5110 355 354 0 0 0
69 2235 0 0 0 0 0 0 0 0
71 9044 1 1 2235 139 138 0 0 0
99 3 1 1 1 1 0 0 0 0
100 1 0 0 0 0 0 1 1 0
101 3 0 0 1 0 0 0 0 0
104 2 0 0 0 0 0 0 0 0
116 1 1 1 0 0 0 1 0 0
117 1 0 0 0 0 0 1 0 0
126 11 1 1 0 0 0 8 1 1
131 3 1 1 2 2 2 1 0 0
133 2 0 0 0 0 0 1 0 0
135 2 0 0 0 0 0 0 0 0
138 2 0 0 0 0 0 0 0 0
141 2 1 1 1 1 0 1 0 0
144 9 0 0 7 1 0 0 0 0
fl=/build/glibc-Cl5G7W/glibc-2.23/elf/dl-altinit.c
fn=dlinit_alt
33 3 1 1 2 0 0 0 0 0
34 1 0 0 1 0 0 0 0 0
fl=/build/glibc-Cl5G7W/glibc-2.23/elf/dl-cache.c
fn=_dl_cache_libcmp
138 36 1 1 24 10 10 0 0 0
139 140 0 0 0 0 0 0 0 0
141 201 0 0 0 0 0 0 0 0
143 73 0 0 0 0 0 0 0 0
149 6 1 1 0 0 0 0 0 0
150 6 0 0 0 0 0 0 0 0
151 15 0 0 3 0 0 0 0 0
153 15 1 1 3 0 0 0 0 0
155 6 0 0 0 0 0 0 0 0
161 128 1 1 0 0 0 0 0 0
163 238 0 0 110 0 0 0 0 0
164 18 0 0 9 0 0 0 0 0
167 55 0 0 0 0 0 0 0 0
168 55 0 0 0 0 0 0 0 0
171 9 0 0 3 0 0 0 0 0
fn=_dl_load_cache_lookup
185 9 1 1 0 0 0 6 0 0
193 2 0 0 1 0 0 0 0 0
196 3 0 0 1 0 0 0 0 0
199 5 2 2 0 0 0 1 0 0
207 5 0 0 1 0 0 0 0 0
208 6 1 1 0 0 0 1 0 0
212 1 0 0 0 0 0 1 0 0
215 4 0 0 1 0 0 0 0 0
218 2 0 0 0 0 0 1 0 0
219 3 0 0 0 0 0 0 0 0
220 6 1 1 0 0 0 1 0 0
247 2 1 1 0 0 0 0 0 0
256 5 0 0 0 0 0 2 0 0
262 4 0 0 0 0 0 2 0 0
266 4 1 1 2 0 0 2 0 0
281 280 8 8 50 9 9 27 0 0
297 2 0 0 1 0 0 0 0 0
301 2 0 0 1 0 0 0 0 0
309 9 1 1 1 0 0 1 0 0
310 3 0 0 0 0 0 1 0 0
311 2 0 0 0 0 0 1 0 0
312 8 0 0 7 0 0 0 0 0
fn=_dl_unload_cache
321 1 0 0 0 0 0 0 0 0
322 4 1 1 1 1 0 0 0 0
324 2 0 0 1 0 0 1 0 0
325 1 0 0 0 0 0 1 0 0
327 2 0 0 1 0 0 0 0 0
fl=/build/glibc-Cl5G7W/glibc-2.23/elf/dl-debug.c
fn=_dl_debug_initialize
50 8 1 1 0 0 0 0 0 0
51 4 1 1 4 0 0 0 0 0
55 14 0 0 4 0 0 0 0 0
58 1 0 0 0 0 0 1 0 0
59 2 0 0 0 0 0 1 0 0
60 5 1 1 1 0 0 1 0 0
61 2 0 0 0 0 0 1 0 0
64 1 0 0 1 0 0 0 0 0
fn=_dl_debug_state
74 2 0 0 2 0 0 0 0 0
fl=/build/glibc-Cl5G7W/glibc-2.23/elf/dl-deps.c
fn=_dl_map_object_deps
144 4 0 0 0 0 0 2 1 1
145 2 1 1 0 0 0 2 0 0
146 7 0 0 0 0 0 2 0 0
152 9 0 0 2 0 0 3 0 0
160 11 0 0 0 0 0 9 0 0
161 9 2 2 0 0 0 0 0 0
178 14 1 1 1 0 0 1 0 0
179 2 0 0 1 0 0 0 0 0
182 3 1 1 0 0 0 2 0 0
188 2 0 0 0 0 0 2 0 0
189 1 0 0 0 0 0 1 0 0
201 2 0 0 1 0 0 1 0 0
202 2 1 1 0 0 0 1 0 0
203 1 0 0 0 0 0 1 0 0
204 2 0 0 0 0 0 2 0 0
209 6 2 2 0 0 0 5 0 0
210 4 0 0 0 0 0 0 0 0
213 4 0 0 0 0 0 4 0 0
217 8 0 0 4 0 0 0 0 0
218 25 2 2 11 1 1 0 0 0
220 2 0 0 0 0 0 0 0 0
222 8 0 0 4 0 0 2 0 0
224 30 1 1 2 0 0 6 0 0
229 16 0 0 8 0 0 0 0 0
231 6 0 0 4 0 0 2 0 0
236 2 0 0 0 0 0 2 0 0
237 2 0 0 0 0 0 2 0 0
238 4 0 0 2 0 0 2 0 0
239 4 1 1 2 0 0 2 0 0
242 212 0 0 55 0 0 0 0 0
243 98 1 1 0 0 0 0 0 0
249 14 0 0 4 0 0 2 1 1
251 2 0 0 0 0 0 2 0 0
254 12 1 1 8 0 0 2 0 0
256 6 0 0 2 0 0 0 0 0
271 2 0 0 2 0 0 0 0 0
273 4 0 0 2 0 0 0 0 0
278 6 1 1 0 0 0 0 0 0
281 2 0 0 0 0 0 2 0 0
282 2 0 0 0 0 0 2 0 0
283 2 0 0 0 0 0 2 0 0
284 4 0 0 2 0 0 2 0 0
286 2 0 0 2 0 0 0 0 0
288 12 1 1 2 0 0 4 0 0
292 6 0 0 2 0 0 0 0 0
293 3 0 0 0 0 0 1 0 0
295 141 0 0 0 0 0 0 0 0
317 9 1 1 0 0 0 4 0 0
338 6 1 1 0 0 0 3 0 0
459 12 1 1 4 0 0 0 0 0
461 6 0 0 0 0 0 2 0 0
463 8 1 1 0 0 0 2 0 0
465 4 0 0 0 0 0 0 0 0
468 2 0 0 0 0 0 2 1 1
469 10 0 0 2 0 0 2 0 0
470 10 0 0 0 0 0 2 0 0
473 2 0 0 0 0 0 2 0 0
474 2 0 0 2 0 0 0 0 0
478 22 1 1 11 0 0 0 0 0
480 4 1 1 4 0 0 0 0 0
481 18 0 0 4 0 0 0 0 0
485 6 1 1 2 0 0 0 0 0
486 1 0 0 0 0 0 1 0 0
489 5 1 1 2 0 0 1 0 0
499 5 0 0 1 0 0 1 0 0
502 2 1 1 0 0 0 0 0 0
507 9 0 0 3 0 0 1 0 0
508 6 0 0 4 0 0 1 0 0
510 12 0 0 4 0 0 0 0 0
516 12 1 1 0 0 0 4 2 2
520 12 0 0 12 0 0 0 0 0
523 3 0 0 1 0 0 1 0 0
574 3 1 1 2 0 0 0 0 0
575 1 0 0 0 0 0 1 0 0
576 3 0 0 1 0 0 0 0 0
611 8 1 1 1 0 0 2 0 0
613 2 0 0 0 0 0 0 0 0
614 1 0 0 0 0 0 1 0 0
617 11 1 1 0 0 0 1 0 0
618 5 1 1 0 0 0 0 0 0
619 5 0 0 1 0 0 1 0 0
623 12 1 1 3 0 0 6 0 0
624 6 0 0 3 0 0 0 0 0
630 17 1 1 3 0 0 0 0 0
632 12 0 0 6 0 0 0 0 0
633 7 0 0 0 0 0 0 0 0
635 9 0 0 3 0 0 0 0 0
636 6 1 1 0 0 0 0 0 0
655 2 1 1 1 0 0 0 0 0
658 3 1 1 0 0 0 0 0 0
661 10 0 0 3 0 0 0 0 0
664 28 1 1 6 0 0 6 0 0
671 2 1 1 1 0 0 1 0 0
673 2 0 0 1 0 0 1 0 0
674 1 0 0 1 0 0 0 0 0
675 3 0 0 1 0 0 0 0 0
682 3 1 1 1 0 0 0 0 0
685 3 0 0 1 0 0 0 0 0
688 8 0 0 7 0 0 0 0 0
fn=openaux
60 4 1 1 0 0 0 2 0 0
63 24 1 1 10 0 0 4 0 0
67 2 0 0 2 0 0 0 0 0
68 4 0 0 4 0 0 0 0 0
fl=/build/glibc-Cl5G7W/glibc-2.23/elf/dl-environ.c
fn=_dl_next_ld_env_entry
30 3 1 1 3 0 0 0 0 0
31 1 1 1 0 0 0 0 0 0
33 217 0 0 72 0 0 0 0 0
35 142 0 0 71 35 35 0 0 0
36 20 0 0 10 0 0 0 0 0
38 2 0 0 0 0 0 0 0 0
41 4 0 0 0 0 0 2 0 0
43 2 0 0 2 0 0 0 0 0
46 69 0 0 0 0 0 0 0 0
50 1 0 0 1 0 0 0 0 0
fl=/build/glibc-Cl5G7W/glibc-2.23/elf/dl-error.c
fn=_dl_catch_error
163 12 1 1 0 0 0 9 0 0
175 6 1 1 0 0 0 6 4 4
176 6 0 0 0 0 0 6 0 0
177 6 0 0 0 0 0 6 2 2
178 6 0 0 0 0 0 3 0 0
180 3 0 0 3 0 0 3 0 0
181 6 0 0 3 0 0 3 0 0
182 9 1 1 0 0 0 6 0 0
185 18 0 0 0 0 0 3 0 0
187 9 0 0 6 0 0 3 0 0
188 9 0 0 6 0 0 3 0 0
189 6 1 1 3 0 0 3 0 0
190 6 0 0 3 0 0 3 0 0
191 6 0 0 3 0 0 3 0 0
199 12 0 0 6 0 0 0 0 0
fn=_dl_receive_error
205 10 1 1 0 0 0 6 0 0
206 2 0 0 1 0 0 1 0 0
210 1 0 0 1 0 0 0 0 0
211 1 0 0 1 0 0 0 0 0
214 1 0 0 0 0 0 1 0 0
215 1 0 0 0 0 0 1 0 0
217 2 0 0 0 0 0 1 0 0
219 1 1 1 0 0 0 1 0 0
220 1 0 0 0 0 0 1 0 0
221 8 0 0 7 0 0 0 0 0
fl=/build/glibc-Cl5G7W/glibc-2.23/elf/dl-fini.c
fn=_dl_fini
31 1 0 0 0 0 0 1 0 0
33 2 1 1 0 0 0 0 0 0
38 3 0 0 0 0 0 1 0 0
39 9 0 0 0 0 0 1 0 0
40 3 0 0 0 0 0 1 1 1
44 9 1 1 3 0 0 3 0 0
45 9 0 0 6 0 0 0 0 0
49 12 0 0 6 0 0 0 0 0
55 6 0 0 3 0 0 0 0 0
56 14 1 1 6 0 0 0 0 0
58 15 1 1 9 1 0 0 0 0
59 7 0 0 0 0 0 0 0 0
61 9 0 0 3 1 1 0 0 0
62 6 0 0 0 0 0 0 0 0
81 4 0 0 1 0 0 1 0 0
92 9 1 1 3 0 0 0 0 0
113 3 0 0 0 0 0 0 0 0
117 15 0 0 3 0 0 3 0 0
120 22 1 1 7 0 0 2 0 0
130 8 2 2 0 0 0 6 1 1
147 1 0 0 0 0 0 1 0 0
150 15 0 0 3 0 0 1 0 0
153 2 1 1 1 0 0 1 1 1
155 1 0 0 1 1 0 0 0 0
158 2 0 0 0 0 0 0 0 0
160 6 1 1 3 1 0 0 0 0
165 1 0 0 0 0 0 1 1 1
168 9 0 0 0 0 0 1 0 0
173 13 0 0 4 1 0 0 0 0
175 8 1 1 4 3 0 0 0 0
177 8 0 0 0 0 0 0 0 0
179 8 0 0 0 0 0 4 0 0
180 4 0 0 0 0 0 4 4 2
181 4 0 0 0 0 0 0 0 0
185 4 0 0 4 2 0 0 0 0
187 9 1 1 1 0 0 1 0 0
188 2 0 0 1 0 0 0 0 0
192 2 0 0 1 0 0 1 0 0
201 3 1 1 2 0 0 1 0 0
206 14 0 0 7 0 0 0 0 0
208 4 1 1 4 0 0 0 0 0
210 12 0 0 4 0 0 0 0 0
213 8 0 0 0 0 0 4 0 0
216 12 0 0 4 4 3 0 0 0
217 6 1 1 2 2 1 0 0 0
220 4 0 0 2 0 0 0 0 0
229 4 0 0 4 3 1 0 0 0
232 6 1 1 4 1 1 0 0 0
234 16 0 0 2 2 2 0 0 0
235 4 0 0 2 2 2 2 0 0
239 4 0 0 0 0 0 0 0 0
240 6 1 1 4 2 2 2 0 0
246 24 0 0 8 1 1 0 0 0
262 8 0 0 4 0 0 0 0 0
268 6 1 1 2 0 0 0 0 0
270 1 0 0 0 0 0 1 0 0
274 2 0 0 1 0 0 0 0 0
281 8 0 0 7 0 0 0 0 0
fl=/build/glibc-Cl5G7W/glibc-2.23/elf/dl-hwcaps.c
fn=_dl_important_hwcaps
39 12 1 1 0 0 0 10 2 2
41 1 0 0 1 0 0 0 0 0
42 3 0 0 0 0 0 0 0 0
51 3 0 0 1 0 0 0 0 0
61 4 1 1 1 0 0 1 0 0
113 1 1 1 0 0 0 0 0 0
115 5 1 1 0 0 0 1 0 0
130 10 1 1 0 0 0 1 0 0
131 1 0 0 0 0 0 0 0 0
162 2 1 1 0 0 0 0 0 0
170 3 1 1 1 0 0 0 0 0
172 2 0 0 1 0 0 1 0 0
173 5 0 0 1 0 0 1 0 0
177 3 1 1 1 0 0 1 0 0
178 1 0 0 0 0 0 1 0 0
181 2 0 0 0 0 0 0 0 0
184 2 0 0 0 0 0 0 0 0
185 1 0 0 1 0 0 0 0 0
188 12 1 1 2 0 0 2 0 0
189 2 0 0 0 0 0 0 0 0
207 11 1 1 2 0 0 5 0 0
208 6 0 0 0 0 0 3 1 1
209 6 1 1 4 0 0 0 0 0
238 3 0 0 0 0 0 2 1 1
241 2 0 0 0 0 0 0 0 0
243 10 0 0 3 0 0 4 0 0
244 20 1 1 5 0 0 5 0 0
264 7 2 2 2 0 0 0 0 0
269 10 0 0 2 0 0 0 0 0
270 8 0 0 0 0 0 4 0 0
274 11 1 1 0 0 0 0 0 0
277 26 0 0 0 0 0 0 0 0
278 24 0 0 0 0 0 0 0 0
279 12 0 0 8 0 0 0 0 0
281 4 1 1 0 0 0 0 0 0
284 3 0 0 1 0 0 0 0 0
285 2 0 0 1 0 0 0 0 0
286 12 2 2 3 0 0 0 0 0
299 6 0 0 2 0 0 2 0 0
300 2 0 0 0 0 0 0 0 0
302 4 0 0 0 0 0 0 0 0
305 4 0 0 3 0 0 1 0 0
307 1 0 0 0 0 0 0 0 0
308 10 1 1 7 0 0 1 0 0
fl=/build/glibc-Cl5G7W/glibc-2.23/elf/dl-init.c
fn=_dl_init
30 25 1 1 5 0 0 3 0 0
80 11 1 1 0 0 0 6 0 0
81 1 0 0 1 1 0 0 0 0
82 1 0 0 1 0 0 0 0 0
85 3 0 0 1 0 0 0 0 0
88 2 0 0 0 0 0 1 0 0
93 2 0 0 0 0 0 0 0 0
94 2 1 1 1 0 0 0 0 0
104 2 1 1 0 0 0 1 0 0
119 15 0 0 0 0 0 0 0 0
120 12 0 0 8 0 0 0 0 0
126 8 0 0 7 0 0 0 0 0
fn=call_init.part.0
28 20 0 0 0 0 0 20 0 0
36 12 0 0 4 0 0 4 0 0
39 16 1 1 8 1 0 0 0 0
40 3 1 1 0 0 0 0 0 0
44 21 0 0 3 1 0 0 0 0
45 3 0 0 1 0 0 0 0 0
49 4 0 0 2 0 0 0 0 0
58 14 1 1 6 3 0 2 0 0
62 4 0 0 0 0 0 0 0 0
68 6 0 0 4 1 0 0 0 0
70 4 0 0 4 0 0 0 0 0
71 16 1 1 0 0 0 0 0 0
72 15 0 0 3 0 0 3 0 0
74 24 0 0 24 0 0 0 0 0
fl=/build/glibc-Cl5G7W/glibc-2.23/elf/dl-load.c
fn=_dl_init_paths
689 9 2 2 0 0 0 7 0 0
702 6 0 0 2 0 0 2 0 0
706 1 0 0 0 0 0 1 0 0
707 2 0 0 0 0 0 1 0 0
708 3 0 0 0 0 0 0 0 0
715 4 0 0 0 0 0 0 0 0
716 4 1 1 1 0 0 2 0 0
719 5 0 0 0 0 0 2 0 0
721 2 0 0 0 0 0 0 0 0
727 2 1 1 0 0 0 1 0 0
728 1 0 0 0 0 0 1 0 0
736 3 0 0 0 0 0 3 0 0
738 9 1 1 0 0 0 4 0 0
739 4 0 0 0 0 0 4 3 3
741 8 0 0 0 0 0 4 1 1
742 10 0 0 3 1 1 4 0 0
743 12 0 0 0 0 0 3 0 0
746 6 1 1 3 1 1 0 0 0
747 25 0 0 8 0 0 4 0 0
750 35 1 1 4 0 0 6 0 0
756 1 1 1 0 0 0 1 1 1
757 1 0 0 0 0 0 1 0 0
761 1 0 0 1 0 0 0 0 0
762 2 0 0 0 0 0 0 0 0
764 4 0 0 1 0 0 0 0 0
766 3 0 0 1 0 0 0 0 0
783 1 0 0 0 0 0 1 0 0
785 3 1 1 1 0 0 0 0 0
789 6 1 1 2 0 0 1 0 0
790 1 0 0 1 0 0 0 0 0
796 2 0 0 0 0 0 1 0 0
804 5 2 2 2 0 0 0 0 0
810 5 0 0 0 0 0 1 0 0
812 12 1 1 1 0 0 2 0 0
829 133 1 1 15 0 0 0 0 0
833 1 0 0 0 0 0 1 0 0
834 1 0 0 0 0 0 1 0 0
835 2 0 0 0 0 0 0 0 0
841 9 1 1 1 0 0 2 0 0
845 5 0 0 4 0 0 0 0 0
851 1 0 0 0 0 0 1 0 0
855 8 0 0 7 0 0 0 0 0
fn=_dl_map_object
383 5 0 0 0 0 0 1 0 0
387 2 0 0 0 0 0 1 0 0
666 6 1 1 2 0 0 0 0 0
669 2 0 0 0 0 0 0 0 0
2189 27 1 1 0 0 0 24 6 6
2191 2 0 0 0 0 0 2 0 0
2197 6 1 1 0 0 0 0 0 0
2198 12 0 0 3 0 0 0 0 0
2201 42 0 0 9 0 0 0 0 0
2206 49 1 1 7 0 0 0 0 0
2208 35 0 0 0 0 0 7 0 0
2212 12 0 0 6 0 0 0 0 0
2213 18 1 1 6 0 0 0 0 0
2216 2 0 0 2 0 0 0 0 0
2218 12 0 0 4 0 0 2 0 0
2235 10 2 2 4 0 0 2 0 0
2244 6 1 1 2 0 0 0 0 0
2278 2 0 0 0 0 0 2 0 0
2280 10 0 0 0 0 0 2 0 0
2284 4 1 1 0 0 0 2 0 0
2286 2 1 1 1 0 0 0 0 0
2293 4 0 0 1 0 0 0 0 0
2297 2 1 1 1 0 0 1 0 0
2302 6 1 1 1 0 0 1 0 0
2303 1 0 0 0 0 0 0 0 0
2305 20 1 1 3 0 0 7 0 0
2309 6 0 0 2 0 0 0 0 0
2317 3 1 1 2 0 0 0 0 0
2328 2 1 1 1 0 0 0 0 0
2329 13 1 1 1 0 0 4 0 0
2335 5 1 1 1 0 0 0 0 0
2336 1 0 0 0 0 0 0 0 0
2344 1 0 0 0 0 0 1 0 0
2358 2 1 1 0 0 0 0 0 0
2360 3 0 0 1 0 0 0 0 0
2364 3 0 0 0 0 0 2 0 0
2366 2 0 0 0 0 0 0 0 0
2370 2 0 0 0 0 0 0 0 0
2378 3 1 1 1 0 0 0 0 0
2401 11 0 0 1 0 0 2 0 0
2405 4 0 0 2 0 0 0 0 0
2406 2 1 1 0 0 0 1 0 0
2423 2 1 1 1 0 0 0 0 0
2429 1 0 0 0 0 0 1 0 0
2431 2 1 1 0 0 0 0 0 0
2432 3 0 0 0 0 0 0 0 0
2436 10 1 1 0 0 0 2 0 0
2439 4 0 0 2 0 0 0 0 0
2451 6 1 1 0 0 0 0 0 0
2453 4 0 0 0 0 0 0 0 0
2497 4 0 0 2 0 0 2 0 0
2498 30 1 1 6 0 0 10 0 0
2500 24 0 0 21 0 0 0 0 0
fn=_dl_map_object_from_fd
893 30 2 2 0 0 0 22 2 2
903 8 0 0 2 0 0 4 1 1
904 2 0 0 0 0 0 2 0 0
919 31 1 1 11 0 0 0 0 0
920 10 0 0 5 0 0 0 0 0
937 4 1 1 2 0 0 0 0 0
961 4 0 0 2 0 0 0 0 0
971 4 1 1 2 0 0 0 0 0
993 8 0 0 4 0 0 0 0 0
1025 4 0 0 0 0 0 0 0 0
1028 16 1 1 10 0 0 2 0 0
1029 4 0 0 0 0 0 0 0 0
1040 6 0 0 4 0 0 2 2 2
1041 8 0 0 4 0 0 4 0 0
1042 4 0 0 2 0 0 2 0 0
1044 8 1 1 0 0 0 0 0 0
1045 8 0 0 4 0 0 0 0 0
1046 2 0 0 0 0 0 0 0 0
1063 2 0 0 0 0 0 2 0 0
1065 20 1 1 0 0 0 4 0 0
1073 142 0 0 0 0 0 0 0 0
1074 127 2 2 17 1 1 0 0 0
1080 4 0 0 2 0 0 2 0 0
1081 6 0 0 2 0 0 2 0 0
1082 2 0 0 0 0 0 0 0 0
1085 2 0 0 1 0 0 1 0 0
1086 1 1 1 0 0 0 0 0 0
1091 20 2 2 8 0 0 0 0 0
1096 32 0 0 8 0 0 0 0 0
1104 16 0 0 0 0 0 0 0 0
1105 16 0 0 0 0 0 4 2 2
1106 20 1 1 4 0 0 4 0 0
1107 4 0 0 0 0 0 4 2 2
1108 8 0 0 4 0 0 4 0 0
1109 8 0 0 0 0 0 4 1 1
1113 8 0 0 0 0 0 0 0 0
1114 12 0 0 6 0 0 2 0 0
1118 36 1 1 4 0 0 4 0 0
1129 4 0 0 0 0 0 0 0 0
1132 3 0 0 1 1 1 0 0 0
1136 1 0 0 0 0 0 1 1 1
1137 3 0 0 2 0 0 1 0 0
1138 2 0 0 0 0 0 0 0 0
1141 3 1 1 0 0 0 1 0 0
1142 2 0 0 1 0 0 1 0 0
1145 1 0 0 0 0 0 1 0 0
1149 4 0 0 1 0 0 0 0 0
1155 3 0 0 1 0 0 2 0 0
1156 1 0 0 0 0 0 0 0 0
1160 16 1 1 2 0 0 6 0 0
1168 4 0 0 0 0 0 2 0 0
1211 4 1 1 2 0 0 2 0 0
1212 2 0 0 0 0 0 0 0 0
1215 4 0 0 2 0 0 2 0 0
1216 6 0 0 4 0 0 2 0 0
1217 2 0 0 0 0 0 0 0 0
1220 6 1 1 2 0 0 0 0 0
1229 4 0 0 0 0 0 0 0 0
1239 18 0 0 8 0 0 2 0 0
1251 8 1 1 4 0 0 0 0 0
1255 2 2 2 1 0 0 0 0 0
1260 6 1 1 2 0 0 2 0 0
1267 4 0 0 0 0 0 0 0 0
1282 6 1 1 2 0 0 0 0 0
1301 4 0 0 2 0 0 2 0 0
1303 10 1 1 4 0 0 0 0 0
1357 6 0 0 2 1 1 0 0 0
1358 2 0 0 1 0 0 1 0 0
1361 8 0 0 2 0 0 2 0 0
1370 4 0 0 2 0 0 0 0 0
1372 8 1 1 4 0 0 2 0 0
1374 4 0 0 2 0 0 0 0 0
1390 4 0 0 0 0 0 2 0 0
1394 4 0 0 2 0 0 0 0 0
1395 4 0 0 2 0 0 0 0 0
1412 4 1 1 2 0 0 0 0 0
1413 2 0 0 0 0 0 1 0 0
1416 6 1 1 2 0 0 4 0 0
1421 4 0 0 2 0 0 0 0 0
1431 4 0 0 2 0 0 0 0 0
1441 6 0 0 2 0 0 2 0 0
1445 8 0 0 2 0 0 0 0 0
1465 16 0 0 14 0 0 0 0 0
fn=decompose_rpath
562 7 1 1 0 0 0 6 0 0
564 1 0 0 1 0 0 0 0 0
574 4 0 0 1 0 0 0 0 0
605 5 0 0 0 0 0 1 0 0
606 2 0 0 0 0 0 0 0 0
613 66 1 1 1 0 0 0 0 0
622 180 0 0 30 0 0 0 0 0
628 3 0 0 0 0 0 1 0 0
630 2 0 0 0 0 0 0 0 0
638 9 1 1 0 0 0 2 0 0
642 2 0 0 0 0 0 1 0 0
645 4 0 0 3 0 0 0 0 0
652 1 0 0 0 0 0 1 0 0
654 1 0 0 0 0 0 1 0 0
655 1 1 1 0 0 0 0 0 0
656 8 0 0 7 0 0 0 0 0
fn=fillin_rpath
383 10 2 2 0 0 0 2 0 0
387 6 0 0 0 0 0 2 0 0
444 32 2 2 0 0 0 24 0 0
446 2 0 0 0 0 0 0 0 0
448 24 1 1 8 0 0 4 0 0
455 4 0 0 2 0 0 0 0 0
461 4 0 0 0 0 0 0 0 0
466 4 0 0 0 0 0 2 0 0
467 4 0 0 0 0 0 0 0 0
474 16 2 2 2 0 0 0 0 0
479 6 0 0 0 0 0 2 0 0
483 6 1 1 2 0 0 0 0 0
490 33 0 0 11 0 0 0 0 0
491 18 0 0 9 0 0 0 0 0
509 10 1 1 3 0 0 3 0 0
512 10 1 1 2 0 0 4 0 0
513 4 0 0 2 0 0 0 0 0
515 6 0 0 2 0 0 0 0 0
519 2 0 0 0 0 0 2 0 0
520 2 0 0 0 0 0 0 0 0
521 8 0 0 0 0 0 4 0 0
522 2 1 1 0 0 0 2 0 0
524 4 0 0 2 0 0 0 0 0
525 1 0 0 0 0 0 1 0 0
530 8 0 0 2 0 0 0 0 0
531 36 1 1 2 0 0 0 0 0
532 22 1 1 0 0 0 8 0 0
534 4 1 1 2 0 0 2 0 0
535 6 0 0 2 0 0 0 0 0
536 6 0 0 1 0 0 2 0 0
540 2 1 1 0 0 0 1 0 0
542 6 0 0 2 0 0 2 0 0
543 2 0 0 0 0 0 2 0 0
546 4 1 1 0 0 0 2 0 0
548 6 0 0 0 0 0 2 0 0
552 2 1 1 0 0 0 2 0 0
555 18 0 0 14 0 0 0 0 0
fn=open_path
2040 16 1 1 0 0 0 12 1 1
2041 4 0 0 2 0 0 2 1 1
2044 2 1 1 0 0 0 2 0 0
2045 2 0 0 0 0 0 2 0 0
2047 4 0 0 0 0 0 0 0 0
2052 34 1 1 4 0 0 14 2 2
2055 2 0 0 2 0 0 0 0 0
2064 4 0 0 2 0 0 0 0 0
2071 10 0 0 4 0 0 4 1 1
2072 42 1 1 2 0 0 0 0 0
2075 16 1 1 8 0 0 0 0 0
2078 16 0 0 0 0 0 0 0 0
2079 64 1 1 40 0 0 16 0 0
2080 32 0 0 8 0 0 0 0 0
2085 16 1 1 8 0 0 0 0 0
2086 6 1 1 0 0 0 0 0 0
2088 80 0 0 40 0 0 16 1 1
2090 40 0 0 24 0 0 0 0 0
2092 16 0 0 0 0 0 0 0 0
2097 16 1 1 8 0 0 0 0 0
2098 72 0 0 32 0 0 0 0 0
2104 28 1 1 8 0 0 10 0 0
2106 48 0 0 8 0 0 8 0 0
2107 4 0 0 2 0 0 0 0 0
2109 34 1 1 0 0 0 8 0 0
2116 24 0 0 8 0 0 0 0 0
2126 8 1 1 2 0 0 2 0 0
2154 2 0 0 0 0 0 0 0 0
2157 14 2 2 2 0 0 0 0 0
2162 2 0 0 2 0 0 0 0 0
2164 8 0 0 6 0 0 0 0 0
2167 6 0 0 2 0 0 0 0 0
2181 16 0 0 14 0 0 0 0 0
fn=open_verify.constprop.7
1717 140 1 1 10 0 0 90 2 2
1756 48 0 0 10 0 0 0 0 0
1787 50 1 1 0 0 0 20 0 0
1789 22 0 0 0 0 0 0 0 0
1799 2 1 1 0 0 0 2 0 0
1800 4 0 0 0 0 0 2 2 2
1805 16 0 0 4 0 0 4 0 0
1807 4 0 0 0 0 0 0 0 0
1809 6 1 1 2 0 0 2 0 0
1811 4 0 0 0 0 0 0 0 0
1817 4 0 0 0 0 0 0 0 0
1826 2 1 1 1 0 0 0 0 0
1833 36 3 3 5 0 0 5 0 0
1907 4 0 0 2 0 0 0 0 0
1912 4 0 0 2 0 0 0 0 0
1914 8 0 0 2 0 0 0 0 0
1920 4 1 1 0 0 0 0 0 0
1931 4 0 0 2 0 0 0 0 0
1937 12 0 0 2 2 2 0 0 0
1938 8 0 0 2 0 0 0 0 0
1939 6 1 1 2 0 0 2 0 0
1959 108 1 1 14 0 0 0 0 0
1961 36 1 1 17 10 10 0 0 0
1965 8 0 0 4 0 0 0 0 0
1966 6 0 0 2 0 0 0 0 0
1975 18 1 1 0 0 0 3 0 0
1978 14 0 0 4 0 0 0 0 0
1982 6 0 0 0 0 0 0 0 0
1987 1 0 0 0 0 0 0 0 0
1988 1 0 0 0 0 0 0 0 0
1991 2 0 0 0 0 0 0 0 0
1994 7 0 0 3 0 0 0 0 0
1997 3 0 0 1 0 0 0 0 0
1998 5 0 0 1 0 0 0 0 0
2003 8 0 0 0 0 0 0 0 0
2026 80 2 2 70 0 0 0 0 0
fl=/build/glibc-Cl5G7W/glibc-2.23/elf/dl-lookup.c
fn=_dl_lookup_symbol_x
568 5336 1 1 1250 85 81 84 0 0
569 4664 0 0 0 0 0 0 0 0
806 1260 2 2 84 0 0 756 9 5
808 168 0 0 0 0 0 84 3 1
809 168 0 0 0 0 0 168 0 0
812 84 0 0 84 3 1 0 0 0
816 322 0 0 77 0 0 0 0 0
820 588 1 1 168 0 0 252 0 0
821 168 0 0 0 0 0 0 0 0
823 168 1 1 168 3 1 0 0 0
827 282 0 0 6 0 0 0 0 0
829 1176 1 1 588 0 0 588 7 3
832 252 0 0 0 0 0 0 0 0
835 6 0 0 0 0 0 0 0 0
858 168 0 0 84 0 0 0 0 0
860 42 1 1 12 0 0 0 0 0
876 6 0 0 0 0 0 6 0 0
877 12 0 0 0 0 0 0 0 0
880 78 0 0 78 0 0 0 0 0
881 546 1 1 156 0 0 0 0 0
912 78 0 0 0 0 0 0 0 0
921 390 0 0 78 0 0 0 0 0
935 234 0 0 78 4 2 0 0 0
936 2 1 1 0 0 0 1 0 0
938 312 1 1 156 0 0 0 0 0
943 78 0 0 0 0 0 78 0 0
945 672 0 0 588 0 0 0 0 0
fn=_dl_setup_hash
956 12 1 1 4 0 0 0 0 0
960 3 0 0 3 0 0 0 0 0
964 6 0 0 3 3 3 3 0 0
965 3 0 0 3 0 0 0 0 0
966 3 0 0 3 1 1 0 0 0
968 9 0 0 0 0 0 0 0 0
969 3 0 0 0 0 0 3 0 0
970 9 1 1 3 0 0 3 0 0
972 3 0 0 0 0 0 3 0 0
973 6 0 0 0 0 0 0 0 0
975 3 0 0 0 0 0 3 0 0
977 9 0 0 0 0 0 3 0 0
978 3 0 0 3 0 0 0 0 0
981 3 0 0 1 0 0 0 0 0
983 1 0 0 1 0 0 0 0 0
985 2 0 0 1 1 1 1 0 0
987 1 1 1 0 0 0 0 0 0
988 1 0 0 0 0 0 1 0 0
990 3 0 0 1 0 0 1 0 0
fn=check_match
92 1528 1 1 382 12 10 764 1 1
95 998 1 1 269 7 7 0 0 0
107 468 0 0 78 0 0 78 4 2
110 396 0 0 28 0 0 14 0 0
114 78 0 0 78 2 1 0 0 0
115 156 1 1 0 0 0 0 0 0
117 154 0 0 0 0 0 0 0 0
136 154 0 0 154 5 3 0 0 0
137 616 1 1 231 6 3 0 0 0
138 462 0 0 154 2 1 77 0 0
165 2 0 0 0 0 0 0 0 0
167 6 0 0 2 0 0 0 0 0
168 4 0 0 0 0 0 0 0 0
176 191 0 0 0 0 0 0 0 0
183 1146 2 2 955 0 0 0 0 0
fn=do_lookup_x
197 504 2 2 420 0 0 0 0 0
311 186 1 1 0 0 0 0 0 0
355 1008 2 2 84 0 0 840 12 7
356 84 0 0 84 3 1 0 0 0
362 84 0 0 84 0 0 0 0 0
366 528 0 0 528 15 5 0 0 0
369 528 1 1 0 0 0 0 0 0
373 948 0 0 84 0 0 168 0 0
377 528 0 0 264 9 3 0 0 0
381 528 0 0 264 3 1 0 0 0
387 792 0 0 264 5 2 0 0 0
391 264 1 1 0 0 0 264 0 0
392 264 0 0 0 0 0 264 0 0
395 792 0 0 528 18 6 264 0 0
396 792 0 0 528 1 0 264 0 0
399 264 0 0 264 0 0 0 0 0
400 528 0 0 0 0 0 0 0 0
402 540 0 0 540 40 36 0 0 0
403 336 1 1 0 0 0 84 0 0
410 2484 0 0 624 0 0 168 0 0
413 492 2 2 246 46 46 0 0 0
415 164 0 0 0 0 0 0 0 0
417 1066 1 1 328 0 0 410 0 0
420 800 0 0 160 60 60 0 0 0
422 312 1 1 78 0 0 0 0 0
423 1170 0 0 546 0 0 468 0 0
427 234 0 0 0 0 0 0 0 0
430 246 0 0 0 0 0 0 0 0
438 420 1 1 168 0 0 0 0 0
439 954 1 1 474 0 0 84 0 0
444 1486 2 2 420 3 1 420 0 0
446 226 0 0 226 0 0 0 0 0
448 1695 1 1 678 0 0 678 4 2
452 339 0 0 0 0 0 0 0 0
461 176 0 0 88 0 0 0 0 0
469 156 1 1 78 0 0 0 0 0
519 584 0 0 78 0 0 0 0 0
523 30 0 0 10 1 0 0 0 0
535 156 1 1 78 0 0 78 0 0
536 78 0 0 0 0 0 78 0 0
537 156 0 0 0 0 0 0 0 0
553 1332 1 1 506 0 0 0 0 0
554 105 0 0 0 0 0 21 0 0
555 28 2 2 20 0 0 0 0 0
557 558 0 0 0 0 0 0 0 0
560 6 0 0 0 0 0 0 0 0
561 672 1 1 588 0 0 0 0 0
fl=/build/glibc-Cl5G7W/glibc-2.23/elf/dl-minimal.c
fn=__libc_memalign
52 78 1 1 0 0 0 52 0 0
53 103 0 0 51 0 0 0 0 0
58 5 0 0 0 0 0 1 0 0
59 2 1 1 1 0 0 0 0 0
64 104 0 0 0 0 0 26 0 0
67 174 1 1 0 0 0 0 0 0
71 8 0 0 2 0 0 0 0 0
72 4 0 0 0 0 0 0 0 0
78 16 0 0 0 0 0 2 0 0
80 10 0 0 4 0 0 0 0 0
84 6 0 0 0 0 0 2 0 0
87 26 1 1 0 0 0 26 0 0
88 26 0 0 0 0 0 26 0 0
90 130 0 0 78 0 0 0 0 0
fn=calloc
103 8 1 1 0 0 0 0 0 0
107 8 0 0 0 0 0 0 0 0
111 40 0 0 0 0 0 0 0 0
114 8 0 0 0 0 0 0 0 0
fn=free
120 3 1 1 0 0 0 3 0 0
122 9 0 0 3 0 0 0 0 0
129 6 0 0 6 0 0 0 0 0
fn=malloc
94 25 0 0 0 0 0 0 0 0
95 50 0 0 0 0 0 0 0 0
fn=strsep
354 8 1 1 4 1 1 0 0 0
356 4 0 0 4 0 0 0 0 0
357 8 0 0 0 0 0 0 0 0
361 234 1 1 46 0 0 0 0 0
366 116 0 0 58 0 0 0 0 0
368 174 0 0 58 0 0 0 0 0
376 44 0 0 0 0 0 0 0 0
379 2 0 0 0 0 0 2 0 0
383 4 0 0 4 0 0 0 0 0
fl=/build/glibc-Cl5G7W/glibc-2.23/elf/dl-misc.c
fn=_dl_name_match_p
288 175 1 1 0 0 0 70 2 2
289 140 0 0 35 1 0 35 0 0
290 38 0 0 0 0 0 0 0 0
292 35 0 0 35 0 0 0 0 0
294 142 0 0 0 0 0 0 0 0
295 195 1 1 39 4 2 39 0 0
298 36 0 0 36 0 0 0 0 0
300 32 0 0 0 0 0 0 0 0
301 175 0 0 105 0 0 0 0 0
fn=_dl_sysdep_read_whole_file
45 8 2 2 0 0 0 4 1 1
52 3 0 0 0 0 0 1 0 0
53 2 0 0 0 0 0 0 0 0
55 7 0 0 0 0 0 1 0 0
57 2 0 0 1 0 0 1 0 0
60 2 0 0 0 0 0 0 0 0
62 8 1 1 0 0 0 1 0 0
73 2 0 0 0 0 0 1 0 0
76 7 0 0 5 0 0 0 0 0
fl=/build/glibc-Cl5G7W/glibc-2.23/elf/dl-object.c
fn=_dl_add_to_namespace_list
32 15 1 1 0 0 0 9 0 0
34 9 0 0 3 0 0 3 0 0
36 22 0 0 3 0 0 0 0 0
39 15 0 0 5 0 0 0 0 0
41 2 0 0 0 0 0 2 0 0
43 2 0 0 0 0 0 2 0 0
46 2 0 0 0 0 0 1 0 0
47 9 1 1 3 0 0 0 0 0
48 6 0 0 3 0 0 3 0 0
49 6 0 0 0 0 0 3 0 0
51 6 0 0 3 0 0 0 0 0
52 9 0 0 9 0 0 0 0 0
fn=_dl_new_object
61 42 1 1 0 0 0 30 3 3
62 9 0 0 0 0 0 3 1 1
68 39 3 3 6 1 1 0 0 0
75 15 0 0 0 0 0 6 0 0
78 6 1 1 0 0 0 0 0 0
81 3 0 0 0 0 0 3 3 3
82 6 0 0 0 0 0 3 3 3
85 6 0 0 0 0 0 3 0 0
87 15 0 0 6 0 0 6 2 2
89 3 1 1 0 0 0 3 0 0
97 18 0 0 6 0 0 3 1 1
98 18 0 0 6 3 3 3 0 0
101 6 0 0 3 0 0 0 0 0
102 8 0 0 2 0 0 3 3 3
103 3 1 1 0 0 0 3 0 0
107 3 0 0 0 0 0 3 0 0
110 44 0 0 0 0 0 0 0 0
112 32 0 0 0 0 0 16 4 4
122 6 0 0 0 0 0 3 2 2
123 3 1 1 0 0 0 3 3 3
128 18 0 0 3 1 1 0 0 0
130 8 0 0 0 0 0 2 0 0
133 8 1 1 0 0 0 0 0 0
137 6 0 0 2 0 0 0 0 0
141 12 1 1 0 0 0 0 0 0
143 5 1 1 1 0 0 0 0 0
149 1 0 0 0 0 0 1 0 0
152 6 1 1 0 0 0 3 0 0
155 9 0 0 0 0 0 3 0 0
157 14 0 0 2 0 0 4 0 0
161 8 0 0 2 0 0 0 0 0
165 6 0 0 0 0 0 2 0 0
166 8 0 0 0 0 0 0 0 0
168 1 1 1 0 0 0 0 0 0
211 48 1 1 4 0 0 2 0 0
216 42 0 0 0 0 0 0 0 0
217 88 0 0 42 0 0 0 0 0
222 4 0 0 0 0 0 2 0 0
225 4 0 0 0 0 0 2 0 0
229 24 0 0 21 0 0 0 0 0
fl=/build/glibc-Cl5G7W/glibc-2.23/elf/dl-open.c
fn=_dl_find_dso_for_object
182 5 2 2 1 0 0 0 0 0
183 10 1 1 3 1 1 0 0 0
184 12 0 0 6 2 2 0 0 0
185 2 0 0 1 0 0 0 0 0
188 2 0 0 1 0 0 0 0 0
192 1 0 0 1 0 0 0 0 0
fl=/build/glibc-Cl5G7W/glibc-2.23/elf/dl-reloc.c
fn=_dl_relocate_object
149 48 2 2 0 0 0 32 0 0
156 4 0 0 0 0 0 4 0 0
159 8 0 0 0 0 0 0 0 0
160 24 0 0 0 0 0 12 0 0
164 8 0 0 0 0 0 0 0 0
165 24 0 0 4 1 0 4 0 0
171 8 1 1 4 0 0 0 0 0
177 12 0 0 4 0 0 0 0 0
178 8 1 1 4 3 0 0 0 0
181 8 0 0 4 0 0 0 0 0
188 8 0 0 4 1 0 0 0 0
232 12 1 1 8 0 0 4 0 0
258 192 3 3 59 12 0 53 0 0
261 16 0 0 4 0 0 0 0 0
285 4 0 0 4 0 0 0 0 0
288 8 0 0 4 0 0 0 0 0
305 12 0 0 4 2 0 0 0 0
307 32 0 0 28 1 0 0 0 0
313 21 2 2 9 0 0 3 0 0
316 6 0 0 0 0 0 0 0 0
320 6 0 0 0 0 0 0 0 0
321 21 1 1 3 0 0 3 0 0
fl=/build/glibc-Cl5G7W/glibc-2.23/elf/dl-tls.c
fn=_dl_add_to_slotinfo
890 4 1 1 0 0 0 3 0 0
896 2 1 1 1 0 0 0 0 0
899 1 0 0 1 1 0 0 0 0
904 5 0 0 1 1 0 0 0 0
945 1 0 0 0 0 0 1 0 0
946 3 1 1 1 1 0 1 0 0
947 4 0 0 4 0 0 0 0 0
fn=_dl_allocate_tls_init
449 7 0 0 0 0 0 6 0 0
450 2 1 1 0 0 0 0 0 0
454 2 0 0 1 1 0 1 0 0
456 1 0 0 0 0 0 1 0 0
457 3 0 0 1 0 0 0 0 0
460 4 1 1 2 1 0 1 0 0
472 1 0 0 1 0 0 0 0 0
477 9 0 0 1 0 0 0 0 0
483 16 1 1 1 0 0 1 0 0
486 1 0 0 1 0 0 0 0 0
487 2 1 1 0 0 0 0 0 0
493 3 0 0 2 0 0 0 0 0
494 2 0 0 0 0 0 0 0 0
496 5 0 0 2 0 0 1 0 0
497 1 0 0 0 0 0 1 0 0
499 3 0 0 0 0 0 0 0 0
500 1 1 1 1 0 0 0 0 0
503 2 0 0 0 0 0 0 0 0
504 4 0 0 2 0 0 0 0 0
506 2 0 0 0 0 0 0 0 0
515 12 1 1 4 0 0 2 0 0
529 2 1 1 1 0 0 1 0 0
531 1 0 0 1 0 0 0 0 0
532 8 0 0 7 0 0 0 0 0
fn=_dl_allocate_tls_storage
321 2 1 1 1 0 0 0 0 0
322 3 0 0 0 0 0 1 0 0
323 2 0 0 0 0 0 0 0 0
326 1 0 0 0 0 0 1 1 1
332 2 0 0 0 0 0 1 0 0
354 3 1 1 0 0 0 3 0 0
356 1 0 0 1 0 0 0 0 0
367 3 0 0 1 0 0 1 0 0
368 2 0 0 0 0 0 0 0 0
375 2 1 1 0 0 0 0 0 0
379 297 0 0 0 0 0 289 36 36
396 5 0 0 4 0 0 0 0 0
fn=_dl_count_modids
115 2 1 1 1 0 0 0 0 0
116 2 0 0 2 0 0 0 0 0
fn=_dl_determine_tlsoffset
138 7 1 1 0 0 0 6 0 0
144 3 0 0 1 0 0 0 0 0
147 2 0 0 1 0 0 0 0 0
183 9 0 0 2 0 0 0 0 0
185 10 1 1 1 0 0 0 0 0
187 4 0 0 1 0 0 0 0 0
188 1 1 1 1 0 0 0 0 0
190 3 1 1 0 0 0 0 0 0
192 7 0 0 1 0 0 0 0 0
208 6 0 0 0 0 0 0 0 0
210 4 0 0 0 0 0 0 0 0
220 1 1 1 0 0 0 1 0 0
223 4 0 0 0 0 0 1 0 0
224 1 0 0 0 0 0 1 0 0
275 1 1 1 0 0 0 1 0 0
276 8 0 0 7 0 0 0 0 0
fn=_dl_next_tls_modid
49 1 1 1 0 0 0 0 0 0
52 4 0 0 2 0 0 0 0 0
100 1 0 0 0 0 0 1 0 0
104 2 1 1 1 0 0 0 0 0
fl=/build/glibc-Cl5G7W/glibc-2.23/elf/dl-version.c
fn=_dl_check_all_versions
380 5 1 1 0 0 0 4 0 0
384 19 0 0 4 0 0 0 0 0
385 4 0 0 0 0 0 0 0 0
386 40 1 1 4 0 0 4 0 0
389 7 0 0 5 0 0 0 0 0
fn=_dl_check_map_versions
56 24 0 0 4 0 0 0 0 0
57 5 0 0 5 0 0 0 0 0
58 37 1 1 0 0 0 7 0 0
174 36 1 1 0 0 0 24 0 0
175 2 0 0 0 0 0 0 0 0
183 2 0 0 0 0 0 0 0 0
189 12 1 1 4 0 0 0 0 0
190 2 0 0 0 0 0 0 0 0
191 8 0 0 4 0 0 4 0 0
193 8 0 0 4 0 0 4 0 0
194 16 0 0 4 0 0 12 0 0
196 8 0 0 0 0 0 0 0 0
199 6 1 1 4 0 0 2 0 0
203 10 0 0 2 1 1 0 0 0
220 4 0 0 4 0 0 0 0 0
228 6 0 0 2 0 0 0 0 0
233 16 1 1 4 0 0 0 0 0
237 53 1 1 29 1 1 6 0 0
244 18 0 0 9 0 0 0 0 0
247 9 0 0 3 0 0 0 0 0
252 1 0 0 0 0 0 0 0 0
256 12 1 1 4 0 0 0 0 0
270 8 1 1 4 0 0 0 0 0
273 8 0 0 6 0 0 0 0 0
276 120 0 0 30 8 8 0 0 0
279 90 0 0 30 4 4 0 0 0
283 28 0 0 0 0 0 0 0 0
287 9 1 1 0 0 0 0 0 0
292 3 0 0 0 0 0 3 0 0
293 12 0 0 0 0 0 3 0 0
294 6 1 1 0 0 0 0 0 0
302 3 0 0 0 0 0 3 0 0
305 9 0 0 6 0 0 3 1 0
307 9 0 0 3 0 0 0 0 0
310 8 1 1 6 0 0 0 0 0
314 6 0 0 2 0 0 0 0 0
317 9 0 0 3 0 0 0 0 0
319 9 0 0 0 0 0 0 0 0
321 15 0 0 3 0 0 3 0 0
322 9 0 0 0 0 0 3 2 2
323 9 1 1 3 0 0 3 0 0
324 9 0 0 3 0 0 3 0 0
327 9 0 0 3 0 0 0 0 0
332 1 0 0 0 0 0 0 0 0
335 6 0 0 2 0 0 0 0 0
345 9 0 0 3 0 0 0 0 0
348 8 1 1 6 0 0 0 0 0
352 28 0 0 28 0 0 0 0 0
354 60 0 0 30 0 0 0 0 0
359 168 0 0 56 0 0 28 8 8
360 84 0 0 28 0 0 28 0 0
361 28 0 0 0 0 0 28 3 3
364 90 0 0 30 0 0 0 0 0
368 28 0 0 0 0 0 0 0 0
374 35 1 1 28 0 0 0 0 0
fn=match_symbol
76 39 2 2 0 0 0 24 1 1
77 6 0 0 6 0 0 0 0 0
85 6 0 0 3 0 0 0 0 0
91 9 0 0 3 0 0 0 0 0
106 3 1 1 3 0 0 0 0 0
107 6 0 0 0 0 0 0 0 0
109 3 0 0 3 0 0 0 0 0
114 20 0 0 10 4 4 0 0 0
128 20 0 0 10 0 0 0 0 0
133 21 1 1 6 0 0 3 0 0
140 21 0 0 7 1 1 0 0 0
144 7 0 0 0 0 0 0 0 0
168 24 0 0 21 0 0 0 0 0
fl=/build/glibc-Cl5G7W/glibc-2.23/elf/do-rel.h
fn=_dl_relocate_object
47 24 0 0 8 0 0 8 0 0
48 8 0 0 8 0 0 0 0 0
58 24 1 1 8 0 0 0 0 0
61 66 0 0 0 0 0 0 0 0
63 68 1 1 17 6 6 0 0 0
65 26 0 0 0 0 0 0 0 0
74 6 0 0 0 0 0 0 0 0
75 46 2 2 17 0 0 0 0 0
76 16 0 0 8 0 0 0 0 0
83 10 0 0 5 0 0 5 0 0
84 5 1 1 5 0 0 0 0 0
86 15 1 1 5 0 0 0 0 0
98 15 0 0 0 0 0 0 0 0
108 9 1 1 1 1 1 0 0 0
111 3584 1 1 0 0 0 0 0 0
112 2384 0 0 1192 0 0 0 0 0
118 15 0 0 5 4 0 0 0 0
121 8 0 0 4 3 0 4 1 0
124 296 1 1 99 1 0 3 1 0
127 368 0 0 92 25 22 0 0 0
129 8 0 0 0 0 0 0 0 0
136 368 0 0 184 45 43 0 0 0
137 593 0 0 92 0 0 92 0 0
138 92 1 1 92 1 0 0 0 0
139 184 0 0 92 1 0 0 0 0
143 6 0 0 0 0 0 0 0 0
160 24 3 3 8 0 0 3 0 0
162 20 0 0 5 2 2 0 0 0
170 30 1 1 5 0 0 5 0 0
171 10 0 0 10 0 0 0 0 0
174 2 0 0 0 0 0 0 0 0
fn=_dl_start
83 1 0 0 1 0 0 0 0 0
84 1 0 0 1 0 0 0 0 0
111 33 0 0 0 0 0 0 0 0
112 20 0 0 10 2 2 0 0 0
116 2 0 0 1 0 0 0 0 0
124 22 0 0 0 0 0 0 0 0
136 6 0 0 6 2 2 0 0 0
137 36 1 1 6 0 0 0 0 0
fl=/build/glibc-Cl5G7W/glibc-2.23/elf/get-dynamic-info.h
fn=_dl_map_object_from_fd
39 4 0 0 0 0 0 0 0 0
43 2 0 0 0 0 0 0 0 0
45 141 0 0 47 13 13 0 0 0
47 90 0 0 0 0 0 0 0 0
60 42 0 0 0 0 0 0 0 0
61 71 1 1 0 0 0 43 13 13
62 8 0 0 0 0 0 0 0 0
64 2 0 0 0 0 0 0 0 0
65 10 1 1 0 0 0 0 0 0
67 2 0 0 0 0 0 0 0 0
68 10 0 0 0 0 0 0 0 0
70 10 0 0 0 0 0 2 0 0
71 45 0 0 0 0 0 0 0 0
78 4 0 0 0 0 0 0 0 0
98 7 0 0 3 0 0 0 0 0
99 8 1 1 4 0 0 0 0 0
100 8 0 0 4 0 0 0 0 0
101 8 0 0 4 0 0 0 0 0
103 8 0 0 4 0 0 0 0 0
108 8 1 1 4 0 0 0 0 0
109 7 0 0 3 1 1 0 0 0
110 8 0 0 4 0 0 0 0 0
116 6 0 0 2 0 0 0 0 0
121 4 0 0 2 0 0 0 0 0
128 4 1 1 2 0 0 0 0 0
129 6 0 0 4 0 0 0 0 0
145 6 0 0 2 0 0 0 0 0
150 2 0 0 1 0 0 1 0 0
152 2 0 0 0 0 0 0 0 0
154 2 0 0 0 0 0 0 0 0
156 2 0 0 0 0 0 0 0 0
159 6 1 1 2 0 0 0 0 0
161 4 0 0 1 0 0 1 0 0
169 2 0 0 1 0 0 0 0 0
174 2 1 1 0 0 0 0 0 0
177 4 0 0 2 0 0 0 0 0
fn=_dl_start
45 57 1 1 19 6 6 0 0 0
47 36 0 0 0 0 0 0 0 0
48 26 0 0 0 0 0 13 4 4
60 21 0 0 0 0 0 0 0 0
61 18 2 2 0 0 0 4 3 3
62 4 1 1 0 0 0 0 0 0
64 1 0 0 0 0 0 0 0 0
65 5 1 1 0 0 0 0 0 0
67 2 0 0 0 0 0 0 0 0
68 5 1 1 0 0 0 0 0 0
70 6 0 0 0 0 0 1 1 1
71 18 0 0 0 0 0 0 0 0
78 2 0 0 0 0 0 0 0 0
98 4 0 0 2 0 0 0 0 0
99 4 0 0 2 0 0 0 0 0
100 4 1 1 2 0 0 0 0 0
101 4 0 0 2 0 0 0 0 0
103 4 0 0 2 0 0 0 0 0
108 4 0 0 2 0 0 0 0 0
109 4 1 1 2 0 0 0 0 0
110 4 0 0 2 0 0 0 0 0
116 3 0 0 1 0 0 0 0 0
121 2 0 0 1 0 0 0 0 0
128 3 0 0 1 0 0 0 0 0
129 3 1 1 2 0 0 0 0 0
137 3 0 0 1 0 0 0 0 0
139 3 0 0 1 0 0 0 0 0
142 2 1 1 1 0 0 0 0 0
143 2 0 0 1 0 0 0 0 0
fn=dl_main
30 1 0 0 1 0 0 0 0 0
39 2 0 0 0 0 0 0 0 0
43 1 0 0 0 0 0 0 0 0
45 75 0 0 25 7 7 0 0 0
47 48 0 0 0 0 0 0 0 0
60 13 0 0 0 0 0 0 0 0
61 35 0 0 0 0 0 24 6 6
64 1 0 0 0 0 0 0 0 0
65 1 0 0 0 0 0 0 0 0
67 1 1 1 0 0 0 0 0 0
68 1 0 0 0 0 0 0 0 0
70 1 0 0 0 0 0 0 0 0
71 24 0 0 0 0 0 0 0 0
78 3 1 1 1 0 0 0 0 0
116 3 1 1 1 0 0 0 0 0
121 2 0 0 1 0 0 0 0 0
128 2 0 0 1 0 0 0 0 0
129 3 1 1 2 0 0 0 0 0
145 3 0 0 1 0 0 0 0 0
159 3 1 1 1 0 0 0 0 0
177 2 1 1 1 0 0 0 0 0
fl=/build/glibc-Cl5G7W/glibc-2.23/elf/rtld.c
fn=_dl_initial_error_catch_tsd
664 8 0 0 4 0 0 0 0 0
fn=_dl_start
302 2 0 0 0 0 0 1 1 1
303 2 0 0 0 0 0 1 0 0
304 2 0 0 0 0 0 1 1 1
305 2 0 0 0 0 0 1 0 0
306 2 1 1 0 0 0 1 0 0
314 5 0 0 0 0 0 1 1 1
317 1 0 0 0 0 0 1 0 0
323 4 1 0 0 0 0 1 0 0
332 1 0 0 0 0 0 0 0 0
335 5 0 0 1 1 0 1 1 0
339 2 0 0 1 0 0 0 0 0
353 9 2 2 0 0 0 6 1 1
371 5 0 0 0 0 0 1 1 1
394 1 0 0 0 0 0 1 0 0
397 1 0 0 0 0 0 1 1 1
408 2 0 0 0 0 0 0 0 0
413 26 2 2 9 0 0 0 0 0
415 1 1 1 1 1 1 0 0 0
440 9 0 0 7 1 0 0 0 0
fn=dl_main
719 1 0 0 1 0 0 0 0 0
721 3 0 0 1 0 0 1 0 0
730 1 1 1 0 0 0 1 0 0
732 1 0 0 0 0 0 1 0 0
737 1 0 0 0 0 0 1 0 0
790 12 2 2 0 0 0 7 1 1
799 1 0 0 0 0 0 0 0 0
805 1 0 0 0 0 0 1 0 0
809 2 0 0 0 0 0 1 0 0
812 2 0 0 0 0 0 1 1 1
816 2 0 0 0 0 0 1 1 1
817 2 1 1 0 0 0 1 0 0
822 2 0 0 0 0 0 1 0 0
832 3 1 1 1 0 0 0 0 0
1033 8 1 1 0 0 0 1 0 0
1035 2 0 0 0 0 0 0 0 0
1036 1 0 0 0 0 0 1 0 0
1037 2 1 1 1 0 0 1 0 0
1038 2 0 0 1 0 0 1 0 0
1042 3 0 0 0 0 0 1 0 0
1043 3 0 0 1 0 0 0 0 0
1064 1 0 0 0 0 0 1 1 1
1065 1 1 1 0 0 0 1 0 0
1067 1 0 0 0 0 0 1 0 0
1069 1 0 0 1 0 0 0 0 0
1072 32 0 0 1 0 0 0 0 0
1073 63 1 1 8 4 4 0 0 0
1077 3 1 1 1 0 0 1 0 0
1078 1 0 0 0 0 0 0 0 0
1082 3 1 1 2 0 0 1 0 0
1083 1 0 0 0 0 0 0 0 0
1091 1 0 0 0 0 0 1 1 1
1092 2 0 0 2 1 1 0 0 0
1094 3 1 1 0 0 0 1 0 0
1101 2 0 0 1 0 0 0 0 0
1119 1 0 0 0 0 0 0 0 0
1127 8 0 0 2 0 0 0 0 0
1128 7 2 2 3 1 1 0 0 0
1129 4 1 1 2 0 0 0 0 0
1130 1 0 0 0 0 0 1 0 0
1133 4 0 0 2 1 1 0 0 0
1134 4 0 0 2 0 0 0 0 0
1135 2 0 0 0 0 0 2 0 0
1136 6 0 0 3 0 0 0 0 0
1137 2 0 0 0 0 0 1 0 0
1164 2 0 0 1 0 0 1 0 0
1165 1 0 0 0 0 0 0 0 0
1175 5 1 1 3 1 1 0 0 0
1178 2 0 0 0 0 0 0 0 0
1180 2 0 0 0 0 0 0 0 0
1182 3 1 1 1 0 0 0 0 0
1195 3 0 0 1 0 0 0 0 0
1196 8 0 0 4 0 0 1 0 0
1201 1 0 0 0 0 0 1 0 0
1203 1 1 1 0 0 0 1 1 1
1204 1 0 0 0 0 0 1 0 0
1206 2 0 0 1 0 0 0 0 0
1207 2 0 0 0 0 0 1 0 0
1211 2 0 0 1 0 0 0 0 0
1213 2 1 1 0 0 0 0 0 0
1218 2 0 0 0 0 0 1 0 0
1221 2 0 0 1 0 0 0 0 0
1237 3 1 1 0 0 0 1 0 0
1243 9 2 2 1 0 0 2 0 0
1248 2 1 1 1 0 0 1 0 0
1251 4 1 1 1 0 0 1 0 0
1253 1 0 0 0 0 0 1 0 0
1258 2 0 0 1 0 0 0 0 0
1261 3 0 0 2 0 0 1 0 0
1262 4 1 1 1 0 0 1 0 0
1263 2 0 0 0 0 0 1 0 0
1264 1 0 0 0 0 0 1 0 0
1265 1 0 0 1 0 0 0 0 0
1266 1 0 0 1 0 0 0 0 0
1271 2 0 0 1 0 0 0 0 0
1272 5 0 0 1 0 0 1 0 0
1289 2 1 1 1 1 1 0 0 0
1290 2 0 0 1 0 0 0 0 0
1292 4 0 0 1 0 0 0 0 0
1294 2 1 1 0 0 0 1 0 0
1295 4 0 0 1 0 0 1 1 1
1300 3 0 0 0 0 0 0 0 0
1301 5 0 0 1 1 1 0 0 0
1303 2 0 0 1 0 0 1 1 1
1304 2 0 0 1 0 0 1 0 0
1309 2 1 1 1 0 0 0 0 0
1314 3 0 0 1 0 0 0 0 0
1491 2 0 0 0 0 0 2 0 0
1499 3 1 1 1 0 0 0 0 0
1502 1 0 0 0 0 0 1 0 0
1506 3 0 0 1 0 0 0 0 0
1511 1 0 0 0 0 0 1 0 0
1512 1 0 0 0 0 0 1 0 0
1513 1 0 0 0 0 0 0 0 0
1517 3 0 0 1 0 0 0 0 0
1532 3 1 1 2 0 0 0 0 0
1533 1 0 0 0 0 0 0 0 0
1534 1 0 0 0 0 0 0 0 0
1536 3 0 0 1 0 0 0 0 0
1538 5 0 0 0 0 0 0 0 0
1539 3 0 0 0 0 0 1 0 0
1540 1 0 0 0 0 0 0 0 0
1542 6 1 1 1 0 0 1 0 0
1552 5 0 0 0 0 0 1 0 0
1629 4 0 0 2 0 0 0 0 0
1633 8 1 1 0 0 0 0 0 0
1634 1 0 0 0 0 0 0 0 0
1637 3 0 0 0 0 0 1 0 0
1638 1 0 0 1 0 0 0 0 0
1639 2 0 0 0 0 0 0 0 0
1640 2 0 0 0 0 0 0 0 0
1646 5 1 1 0 0 0 0 0 0
1647 8 0 0 1 0 0 1 0 0
1648 1 0 0 0 0 0 0 0 0
1650 6 1 1 1 0 0 1 0 0
1653 13 0 0 2 0 0 0 0 0
1654 16 0 0 8 0 0 0 0 0
1657 3 1 1 2 0 0 1 0 0
1658 4 1 1 1 0 0 0 0 0
1659 1 0 0 0 0 0 1 0 0
1661 10 1 1 0 0 0 0 0 0
1662 11 0 0 4 0 0 0 0 0
1672 2 1 1 0 0 0 1 0 0
1674 2 1 1 1 0 0 1 0 0
1675 3 0 0 1 0 0 0 0 0
1677 2 0 0 0 0 0 1 0 0
1679 3 0 0 0 0 0 0 0 0
1681 3 0 0 1 0 0 0 0 0
1682 1 0 0 1 0 0 0 0 0
1695 2 1 1 0 0 0 0 0 0
1696 2 0 0 0 0 0 1 0 0
1697 3 0 0 1 0 0 0 0 0
1708 5 1 1 1 0 0 1 0 0
1709 1 0 0 0 0 0 1 0 0
1710 5 0 0 0 0 0 1 0 0
1720 2 0 0 1 0 0 1 0 0
1721 2 1 1 1 0 0 0 0 0
1722 2 0 0 0 0 0 2 0 0
1724 2 0 0 1 0 0 0 0 0
1729 3 0 0 1 0 0 0 0 0
1959 3 0 0 1 1 1 0 0 0
2015 2 1 1 0 0 0 1 0 0
2019 4 1 1 2 0 0 2 0 0
2023 2 0 0 1 0 0 1 0 0
2026 2 0 0 1 0 0 0 0 0
2080 3 1 1 1 0 0 0 0 0
2087 1 0 0 1 0 0 0 0 0
2089 7 1 1 1 0 0 1 0 0
2091 11 1 1 0 0 0 0 0 0
2093 12 0 0 8 1 0 0 0 0
2098 8 0 0 8 0 0 0 0 0
2100 10 0 0 0 0 0 0 0 0
2102 1 1 1 0 0 0 1 0 0
2103 1 0 0 1 0 0 0 0 0
2106 4 0 0 4 0 0 0 0 0
2108 9 0 0 0 0 0 0 0 0
2109 24 0 0 6 2 0 3 0 0
2113 14 0 0 5 2 0 0 0 0
2114 3 0 0 0 0 0 1 0 0
2116 1 0 0 0 0 0 0 0 0
2118 6 0 0 1 1 0 1 0 0
2124 2 0 0 1 0 0 0 0 0
2129 4 1 1 2 1 0 0 0 0
2131 1 0 0 1 0 0 0 0 0
2136 3 1 1 1 0 0 1 0 0
2139 2 0 0 1 0 0 0 0 0
2148 3 0 0 2 0 0 0 0 0
2150 2 1 1 1 0 0 0 0 0
2165 5 0 0 0 0 0 0 0 0
2167 1 0 0 1 0 0 0 0 0
2168 5 0 0 1 0 0 1 0 0
2169 1 0 0 0 0 0 0 0 0
2171 6 1 1 1 0 0 1 0 0
2179 1 0 0 0 0 0 1 0 0
2183 3 0 0 1 0 0 0 0 0
2203 4 0 0 0 0 0 1 0 0
2204 1 0 0 0 0 0 1 0 0
2205 1 0 0 0 0 0 1 0 0
2206 1 0 0 0 0 0 0 0 0
2210 1 1 1 0 0 0 1 0 0
2215 8 0 0 7 1 0 0 0 0
2383 2 0 0 1 0 0 1 1 1
2385 1 0 0 0 0 0 1 0 0
2386 1 0 0 0 0 0 0 0 0
2390 13 1 1 1 0 0 4 1 1
2392 15 0 0 3 0 0 3 0 0
2396 107 1 1 21 0 0 0 0 0
2397 19 0 0 0 0 0 0 0 0
2399 4 0 0 0 0 0 0 0 0
2405 14 1 1 2 1 1 0 0 0
2426 6 1 1 0 0 0 1 0 0
2433 6 2 2 0 0 0 1 0 0
2435 3 0 0 0 0 0 1 0 0
2480 3 1 1 1 0 0 0 0 0
2481 6 1 1 0 0 0 1 0 0
2483 3 1 1 0 0 0 1 1 1
2553 3 0 0 1 0 0 0 0 0
2583 3 0 0 1 0 0 0 0 0
fn=handle_ld_preload
108 3 1 1 1 0 0 0 0 0
672 1 0 0 0 0 0 1 0 0
676 1 0 0 0 0 0 1 0 0
677 2 1 1 1 0 0 1 0 0
678 1 0 0 0 0 0 1 0 0
680 1 0 0 1 0 0 0 0 0
682 13 0 0 3 0 0 4 1 1
683 3 0 0 1 0 0 0 0 0
696 3 0 0 1 0 0 0 0 0
757 9 1 1 0 0 0 7 1 1
758 1 0 0 0 0 0 0 0 0
762 6 1 1 2 0 0 0 0 0
766 2 0 0 0 0 0 0 0 0
768 6 1 1 0 0 0 1 0 0
769 2 0 0 0 0 0 1 0 0
776 4 0 0 0 0 0 0 0 0
779 2 0 0 1 0 0 0 0 0
780 1 0 0 0 0 0 0 0 0
783 9 1 1 7 0 0 0 0 0
fn=init_tls
589 2 1 1 0 0 0 1 0 0
591 2 0 0 1 0 0 1 0 0
595 2 0 0 1 0 0 0 0 0
604 1 1 1 0 0 0 1 0 0
605 4 0 0 0 0 0 1 0 0
610 1 0 0 0 0 0 0 0 0
611 2 0 0 0 0 0 1 0 0
612 1 0 0 0 0 0 1 1 1
616 2 0 0 1 1 1 0 0 0
617 1 0 0 0 0 0 0 0 0
618 11 1 1 1 0 0 0 0 0
619 8 0 0 4 0 0 0 0 0
620 8 0 0 4 0 0 0 0 0
624 3 0 0 0 0 0 1 0 0
626 1 0 0 0 0 0 0 0 0
628 3 0 0 0 0 0 0 0 0
631 1 1 1 0 0 0 1 0 0
638 2 0 0 0 0 0 1 0 0
639 2 0 0 0 0 0 0 0 0
645 2 1 1 1 0 0 1 0 0
648 7 0 0 0 0 0 2 0 0
651 1 1 0 0 0 0 1 0 0
653 1 0 0 0 0 0 0 0 0
654 2 0 0 2 0 0 0 0 0
fn=map_doit
496 2 1 1 0 0 0 1 0 0
498 1 0 0 1 0 0 0 0 0
499 9 0 0 2 0 0 2 0 0
501 2 0 0 2 0 0 0 0 0
fn=rtld_lock_default_lock_recursive
704 10 1 1 10 2 2 0 0 0
fn=rtld_lock_default_unlock_recursive
710 10 0 0 10 1 0 0 0 0
fn=version_check_doit
529 2 1 1 0 0 0 1 0 0
531 6 1 0 2 0 0 1 0 0
535 2 0 0 2 0 0 0 0 0
fl=/build/glibc-Cl5G7W/glibc-2.23/elf/setup-vdso.h
fn=dl_main
24 2 0 0 1 0 0 0 0 0
fl=/build/glibc-Cl5G7W/glibc-2.23/io/../sysdeps/unix/syscall-template.S
fn=__write_nocancel
84 10 1 1 2 0 0 0 0 0
fn=access
84 12 1 1 0 0 0 0 0 0
86 15 0 0 3 0 0 3 0 0
fn=close
84 12 1 1 0 0 0 0 0 0
85 3 0 0 3 0 0 0 0 0
fn=open
84 44 1 1 0 0 0 0 0 0
85 3 0 0 3 0 0 0 0 0
86 40 0 0 8 0 0 8 0 0
fn=read
84 8 1 1 0 0 0 0 0 0
85 2 0 0 2 0 0 0 0 0
fn=write
84 4 1 1 2 0 0 0 0 0
fl=/build/glibc-Cl5G7W/glibc-2.23/io/../sysdeps/unix/sysv/linux/wordsize-64/fxstat.c
fn=_fxstat
33 4 0 0 0 0 0 0 0 0
34 8 2 2 0 0 0 0 0 0
35 24 0 0 0 0 0 0 0 0
39 4 0 0 4 0 0 0 0 0
fl=/build/glibc-Cl5G7W/glibc-2.23/io/../sysdeps/unix/sysv/linux/wordsize-64/xstat.c
fn=_xstat
33 8 0 0 0 0 0 0 0 0
34 16 1 1 0 0 0 0 0 0
35 72 0 0 6 0 0 6 0 0
39 2 0 0 2 0 0 0 0 0
fl=/build/glibc-Cl5G7W/glibc-2.23/libio/filedoalloc.c
fn=_IO_file_doallocate
95 5 1 1 0 0 0 3 0 0
110 8 0 0 3 0 0 1 1 1
112 4 0 0 1 1 1 0 0 0
115 9 0 0 0 0 0 0 0 0
117 1 1 1 1 0 0 0 0 0
120 2 0 0 1 0 0 0 0 0
123 3 1 1 1 0 0 0 0 0
127 3 0 0 0 0 0 1 0 0
128 2 0 0 0 0 0 0 0 0
129 1 0 0 0 0 0 0 0 0
130 4 0 0 0 0 0 1 0 0
131 1 0 0 0 0 0 0 0 0
132 5 0 0 4 1 0 0 0 0
fl=/build/glibc-Cl5G7W/glibc-2.23/libio/fileops.c
fn=_IO_do_write@@GLIBC_2.2.5
492 16 0 0 0 0 0 8 0 0
494 17 1 1 0 0 0 0 0 0
495 13 0 0 11 0 0 0 0 0
503 4 0 0 2 0 0 0 0 0
510 8 1 1 4 0 0 0 0 0
518 12 1 1 4 1 0 2 0 0
519 10 0 0 2 0 0 0 0 0
521 8 0 0 2 0 0 6 0 0
522 4 0 0 0 0 0 4 0 0
523 2 0 0 0 0 0 2 0 0
524 4 1 1 2 0 0 0 0 0
525 6 0 0 2 0 0 0 0 0
fn=_IO_file_overflow@@GLIBC_2.2.5
807 205 1 1 0 0 0 123 0 0
808 123 1 1 41 0 0 0 0 0
815 242 0 0 80 0 0 0 0 0
818 2 1 1 1 0 0 0 0 0
820 2 1 1 0 0 0 1 0 0
821 6 1 1 2 0 0 3 0 0
830 2 0 0 0 0 0 0 0 0
839 4 1 1 2 0 0 0 0 0
841 1 0 0 0 0 0 1 0 0
842 2 0 0 0 0 0 1 0 0
843 1 0 0 0 0 0 1 0 0
844 2 0 0 0 0 0 2 0 0
846 3 0 0 0 0 0 1 0 0
847 5 0 0 1 1 0 0 0 0
848 2 1 1 0 0 0 1 0 0
850 82 0 0 0 0 0 0 0 0
851 9 1 1 0 0 0 0 0 0
853 76 0 0 38 0 0 0 0 0
856 114 0 0 0 0 0 76 0 0
857 114 0 0 38 0 0 0 0 0
858 152 0 0 0 0 0 0 0 0
862 38 0 0 0 0 0 0 0 0
863 161 0 0 161 0 0 0 0 0
fn=_IO_file_setbuf@@GLIBC_2.2.5
450 2 1 1 0 0 0 1 0 0
451 3 0 0 0 0 0 1 0 0
454 2 0 0 0 0 0 2 0 0
455 2 1 1 1 0 0 1 0 0
456 3 0 0 0 0 0 3 0 0
458 1 0 0 0 0 0 0 0 0
459 2 0 0 2 0 0 0 0 0
fn=_IO_file_stat
1229 1 1 1 0 0 0 0 0 0
1230 3 0 0 1 0 0 0 0 0
fn=_IO_file_sync@@GLIBC_2.2.5
868 2 1 1 0 0 0 1 0 0
873 4 1 1 2 0 0 0 0 0
875 1 0 0 1 0 0 0 0 0
876 2 0 0 1 0 0 0 0 0
893 2 1 1 0 0 0 1 0 0
897 2 0 0 2 0 0 0 0 0
fn=_IO_file_write@@GLIBC_2.2.5
1256 12 0 0 0 0 0 10 0 0
1258 20 1 1 0 0 0 0 0 0
1262 4 0 0 0 0 0 0 0 0
1263 12 1 1 4 1 0 2 0 0
1264 4 1 1 0 0 0 0 0 0
1269 2 0 0 0 0 0 0 0 0
1270 2 0 0 0 0 0 0 0 0
1273 6 0 0 2 0 0 0 0 0
1276 12 0 0 12 0 0 0 0 0
fn=_IO_file_xsputn@@GLIBC_2.2.5
1280 40 1 1 0 0 0 24 1 1
1286 8 0 0 0 0 0 0 0 0
1287 4 1 1 0 0 0 0 0 0
1293 16 0 0 4 0 0 0 0 0
1295 9 0 0 6 0 0 0 0 0
1296 6 0 0 0 0 0 0 0 0
1299 51 1 1 0 0 0 0 0 0
1301 67 0 0 22 0 0 0 0 0
1303 2 1 1 0 0 0 0 0 0
1310 4 0 0 2 1 1 0 0 0
1314 13 0 0 0 0 0 0 0 0
1319 15 0 0 0 0 0 6 0 0
1324 3 0 0 0 0 0 0 0 0
1325 9 0 0 0 0 0 0 0 0
1327 6 0 0 0 0 0 0 0 0
1331 19 4 4 6 1 1 3 0 0
1337 6 0 0 6 0 0 0 0 0
1338 21 1 1 0 0 0 0 0 0
1340 9 0 0 0 0 0 0 0 0
1351 6 0 0 0 0 0 0 0 0
1352 12 1 1 0 0 0 2 0 0
1354 8 0 0 0 0 0 0 0 0
1355 32 0 0 28 1 0 0 0 0
fl=/build/glibc-Cl5G7W/glibc-2.23/libio/genops.c
fn=_IO_cleanup
888 12 0 0 4 0 0 0 0 0
890 6 1 1 3 1 1 0 0 0
892 7 0 0 2 0 0 0 0 0
898 16 2 2 6 0 0 2 0 0
906 5 0 0 2 0 0 0 0 0
908 2 0 0 0 0 0 1 0 0
910 2 1 1 1 0 0 1 0 0
911 1 0 0 0 0 0 1 0 0
912 2 0 0 1 0 0 1 0 0
915 5 0 0 2 0 0 1 0 0
917 3 0 0 1 0 0 0 0 0
921 5 1 1 1 0 0 0 0 0
922 8 1 1 3 0 0 1 0 0
928 3 0 0 0 0 0 3 0 0
948 5 1 1 0 0 0 4 0 0
951 3 0 0 0 0 0 1 0 0
963 7 0 0 5 0 0 0 0 0
fn=_IO_default_setbuf
381 5 1 1 1 0 0 0 0 0
383 1 0 0 0 0 0 1 0 0
384 1 0 0 0 0 0 1 0 0
388 2 1 1 0 0 0 1 0 0
522 6 2 2 0 0 0 3 0 0
523 4 0 0 2 0 0 1 0 0
525 2 0 0 0 0 0 0 0 0
527 2 0 0 0 0 0 1 0 0
528 2 0 0 0 0 0 0 0 0
532 2 0 0 1 0 0 0 0 0
535 3 0 0 0 0 0 3 0 0
536 3 0 0 0 0 0 3 0 0
537 1 0 0 0 0 0 0 0 0
538 4 0 0 4 0 0 0 0 0
fn=_IO_default_xsputn
422 20 1 1 0 0 0 10 0 0
425 4 1 1 0 0 0 0 0 0
430 128 0 0 64 0 0 0 0 0
455 334 1 1 90 2 0 30 0 0
457 30 0 0 0 0 0 0 0 0
459 4 1 1 0 0 0 0 0 0
460 12 0 0 12 0 0 0 0 0
fn=_IO_doallocbuf
394 3 0 0 0 0 0 3 1 1
395 2 1 1 1 0 0 0 0 0
397 4 0 0 1 0 0 0 0 0
398 5 1 1 2 1 1 1 0 0
401 4 0 0 4 1 0 0 0 0
fn=_IO_flush_all_lockp
760 8 1 1 0 0 0 6 0 0
766 4 1 1 0 0 0 0 0 0
771 1 0 0 1 1 1 0 0 0
772 1 1 1 1 1 1 0 0 0
773 8 0 0 0 0 0 0 0 0
775 3 0 0 0 0 0 3 0 0
776 6 1 1 0 0 0 0 0 0
777 2 0 0 1 0 0 0 0 0
779 21 2 2 9 3 3 0 0 0
789 6 1 1 0 0 0 0 0 0
791 3 1 1 0 0 0 3 0 0
793 11 1 1 3 0 0 0 0 0
800 3 0 0 3 2 2 0 0 0
804 2 0 0 0 0 0 0 0 0
806 2 0 0 0 0 0 0 0 0
810 9 0 0 7 0 0 0 0 0
fn=_IO_setb
380 3 1 1 0 0 0 1 0 0
381 4 0 0 2 2 0 0 0 0
383 1 0 0 0 0 0 1 0 0
384 1 0 0 0 0 0 1 0 0
386 6 0 0 0 0 0 1 0 0
389 3 0 0 2 0 0 0 0 0
fn=__overflow
230 24 1 1 8 0 0 0 0 0
232 24 1 1 16 0 0 0 0 0
fl=/build/glibc-Cl5G7W/glibc-2.23/malloc/arena.c
fn=malloc_hook_ini
260 3 0 0 1 1 1 0 0 0
fn=ptmalloc_init.part.5
221 216 0 0 72 10 10 0 0 0
223 142 0 0 71 35 35 0 0 0
224 4 0 0 2 0 0 0 0 0
225 4 0 0 2 0 0 0 0 0
239 71 0 0 0 0 0 0 0 0
258 6 1 1 0 0 0 5 1 1
263 1 0 0 0 0 0 1 0 0
271 2 1 1 1 0 0 0 0 0
272 7 2 2 0 0 0 1 1 1
273 4 0 0 2 0 0 0 0 0
277 3 0 0 1 1 1 1 1 1
279 5 0 0 2 2 2 0 0 0
295 2 1 1 0 0 0 0 0 0
340 2 1 1 0 0 0 0 0 0
346 2 0 0 2 1 0 0 0 0
347 2 0 0 0 0 0 0 0 0
349 1 0 0 0 0 0 1 1 0
350 7 0 0 6 1 0 0 0 0
fn=sysmalloc
488 3 0 0 0 0 0 1 1 0
fl=/build/glibc-Cl5G7W/glibc-2.23/malloc/hooks.c
fn=malloc_hook_ini
29 4 1 1 0 0 0 2 0 0
30 2 1 1 1 0 0 1 0 0
33 4 0 0 3 0 0 0 0 0
fl=/build/glibc-Cl5G7W/glibc-2.23/malloc/malloc.c
fn=_int_malloc
1879 4 2 2 1 0 0 0 0 0
3319 7 0 0 0 0 0 6 0 0
3349 10 1 1 0 0 0 0 0 0
3353 3 1 1 0 0 0 1 0 0
3367 2 0 0 1 1 1 0 0 0
3404 2 1 1 0 0 0 0 0 0
3448 7 2 2 0 0 0 1 0 0
3449 2 1 1 1 0 0 0 0 0
3450 2 0 0 0 0 0 1 1 0
3469 5 1 1 1 0 0 0 0 0
3603 2 1 1 0 0 0 0 0 0
3605 4 1 1 1 0 0 0 0 0
3608 4 0 0 1 0 0 0 0 0
3676 2 0 0 1 0 0 0 0 0
3677 2 1 1 0 0 0 0 0 0
3678 2 0 0 0 0 0 0 0 0
3679 2 0 0 1 1 1 0 0 0
3680 2 0 0 0 0 0 0 0 0
3685 2 0 0 0 0 0 0 0 0
3689 6 1 1 0 0 0 0 0 0
3692 4 0 0 1 0 0 0 0 0
3792 1 1 1 1 0 0 0 0 0
3793 2 0 0 1 0 0 0 0 0
3795 3 0 0 0 0 0 0 0 0
3812 2 0 0 1 0 0 0 0 0
3817 3 0 0 0 0 0 1 0 0
3819 26 2 2 0 0 0 10 0 0
3827 3 2 2 0 0 0 1 0 0
3828 2 0 0 0 0 0 0 0 0
3833 9 2 2 7 0 0 0 0 0
5002 3 0 0 0 0 0 2 0 0
5004 4 0 0 0 0 0 1 0 0
fn=malloc
2902 3 1 1 0 0 0 2 0 0
2907 2 0 0 2 2 2 0 0 0
2908 2 1 1 0 0 0 0 0 0
2909 2 1 1 1 0 0 0 0 0
2929 3 0 0 2 0 0 0 0 0
fn=malloc_consolidate
1805 254 0 0 0 0 0 0 0 0
1808 381 0 0 0 0 0 254 32 32
1812 3 1 1 0 0 0 0 0 0
1816 3 1 1 1 0 0 1 0 0
1817 3 0 0 1 0 0 1 0 0
1819 1 0 0 0 0 0 1 1 1
4144 2 1 1 1 0 0 0 0 0
4996 4 1 1 0 0 0 0 0 0
fn=malloc_hook_ini
2908 2 0 0 0 0 0 0 0 0
2911 13 2 2 5 1 0 0 0 0
2913 4 1 1 0 0 0 1 0 0
2916 2 0 0 0 0 0 0 0 0
2923 2 1 1 1 1 0 1 0 0
2924 4 0 0 2 0 0 0 0 0
2926 11 1 1 1 0 0 0 0 0
fn=sysmalloc
2268 8 1 1 0 0 0 6 0 0
2288 2 0 0 2 2 0 0 0 0
2299 2 0 0 0 0 0 0 0 0
2300 5 1 1 1 0 0 1 1 1
2315 5 0 0 0 0 0 2 0 0
2321 1 1 1 0 0 0 0 0 0
2380 1 0 0 1 0 0 0 0 0
2381 3 0 0 1 0 0 0 0 0
2382 1 1 1 0 0 0 0 0 0
2391 6 0 0 1 0 0 0 0 0
2397 4 0 0 0 0 0 1 0 0
2400 3 0 0 0 0 0 0 0 0
2455 4 0 0 1 0 0 0 0 0
2463 2 1 1 1 0 0 0 0 0
2464 1 0 0 0 0 0 0 0 0
2474 6 1 1 0 0 0 2 0 0
2482 2 0 0 0 0 0 0 0 0
2484 6 1 1 2 0 0 3 0 0
2485 1 0 0 0 0 0 0 0 0
2488 4 1 1 2 0 0 0 0 0
2491 2 0 0 2 1 1 0 0 0
2492 2 0 0 0 0 0 0 0 0
2512 2 0 0 0 0 0 0 0 0
2538 2 0 0 1 1 1 0 0 0
2539 5 1 1 0 0 0 2 0 0
2540 3 0 0 1 0 0 1 0 0
2546 2 1 1 0 0 0 0 0 0
2549 7 2 2 1 0 0 0 0 0
2586 2 0 0 0 0 0 0 0 0
2592 3 0 0 0 0 0 0 0 0
2611 1 0 0 0 0 0 0 0 0
2614 2 0 0 0 0 0 0 0 0
2615 6 1 1 2 0 0 0 0 0
2617 2 0 0 0 0 0 0 0 0
2618 3 0 0 2 0 0 1 0 0
2630 2 0 0 0 0 0 0 0 0
2638 3 1 1 3 0 0 0 0 0
2639 3 0 0 1 0 0 0 0 0
2677 1 0 0 0 0 0 1 0 0
2678 5 0 0 0 0 0 1 1 1
2679 2 0 0 0 0 0 1 0 0
2690 2 0 0 0 0 0 0 0 0
2723 2 1 1 1 0 0 0 0 0
2724 1 0 0 0 0 0 1 0 0
2732 4 0 0 2 0 0 0 0 0
2734 1 0 0 0 0 0 0 0 0
2735 1 0 0 0 0 0 0 0 0
2736 1 0 0 0 0 0 1 0 0
2737 8 1 1 0 0 0 1 0 0
2738 2 0 0 0 0 0 1 1 1
2740 1 0 0 0 0 0 0 0 0
2746 9 0 0 7 0 0 0 0 0
fl=/build/glibc-Cl5G7W/glibc-2.23/malloc/morecore.c
fn=__default_morecore
46 2 1 1 0 0 0 0 0 0
47 2 0 0 0 0 0 2 0 0
48 6 0 0 0 0 0 0 0 0
52 4 0 0 2 0 0 0 0 0
fl=/build/glibc-Cl5G7W/glibc-2.23/misc/../sysdeps/unix/syscall-template.S
fn=__syscall_clock_gettime
65 4 1 1 0 0 0 0 0 0
66 2 0 0 2 0 0 0 0 0
fn=mprotect
84 20 1 1 0 0 0 0 0 0
85 5 0 0 5 0 0 0 0 0
fn=munmap
84 4 1 1 0 0 0 0 0 0
85 1 0 0 1 0 0 0 0 0
fl=/build/glibc-Cl5G7W/glibc-2.23/misc/../sysdeps/unix/sysv/linux/wordsize-64/mmap.c
fn=mmap
32 80 0 0 0 0 0 48 1 1
33 46 2 2 2 0 0 0 0 0
34 80 0 0 0 0 0 0 0 0
36 56 0 0 56 0 0 0 0 0
fl=/build/glibc-Cl5G7W/glibc-2.23/misc/../sysdeps/unix/sysv/linux/x86_64/brk.c
fn=brk
31 16 1 1 2 0 0 2 0 0
33 4 0 0 0 0 0 0 0 0
39 2 0 0 0 0 0 0 0 0
40 2 0 0 2 0 0 0 0 0
fl=/build/glibc-Cl5G7W/glibc-2.23/misc/init-misc.c
fn=__init_misc
30 3 0 0 0 0 0 2 0 0
31 6 1 1 1 0 0 0 0 0
33 3 0 0 0 0 0 1 0 0
37 5 1 1 1 1 0 1 1 0
38 3 0 0 2 1 0 1 0 0
40 4 0 0 3 0 0 0 0 0
fl=/build/glibc-Cl5G7W/glibc-2.23/misc/sbrk.c
fn=sbrk
34 8 1 1 0 0 0 6 1 0
42 11 0 0 5 3 2 0 0 0
43 6 1 1 1 0 0 1 0 0
46 4 0 0 0 0 0 0 0 0
50 6 0 0 0 0 0 0 0 0
58 4 0 0 0 0 0 1 0 0
62 10 1 1 8 0 0 0 0 0
fl=/build/glibc-Cl5G7W/glibc-2.23/nptl/unregister-atfork.c
fn=__unregister_atfork
28 4 1 1 0 0 0 2 0 0
36 1 0 0 1 0 0 0 0 0
39 2 1 1 0 0 0 0 0 0
121 3 0 0 3 0 0 0 0 0
fl=/build/glibc-Cl5G7W/glibc-2.23/posix/../sysdeps/unix/syscall-template.S
fn=uname
84 4 1 1 0 0 0 0 0 0
85 1 0 0 1 0 0 0 0 0
fl=/build/glibc-Cl5G7W/glibc-2.23/posix/../sysdeps/unix/sysv/linux/_exit.c
fn=_Exit
27 2 1 1 1 0 0 0 0 0
31 4 1 1 0 0 0 0 0 0
33 2 0 0 0 0 0 0 0 0
fl=/build/glibc-Cl5G7W/glibc-2.23/rt/../sysdeps/unix/clock_gettime.c
fn=clock_gettime
93 10 1 1 0 0 0 4 0 0
115 16 0 0 4 3 1 2 0 0
134 8 1 1 6 0 0 0 0 0
fl=/build/glibc-Cl5G7W/glibc-2.23/setjmp/../sysdeps/x86_64/bsd-_setjmp.S
fn=_setjmp
30 1 1 1 0 0 0 0 0 0
32 1 0 0 0 0 0 0 0 0
fl=/build/glibc-Cl5G7W/glibc-2.23/setjmp/../sysdeps/x86_64/setjmp.S
fn=__sigsetjmp
26 4 2 2 0 0 0 4 0 0
35 4 0 0 0 0 0 0 0 0
36 8 1 1 4 0 0 0 0 0
37 4 0 0 0 0 0 4 0 0
41 4 0 0 0 0 0 4 0 0
42 4 0 0 0 0 0 4 0 0
43 4 0 0 0 0 0 4 0 0
44 4 0 0 0 0 0 4 0 0
45 4 0 0 0 0 0 0 0 0
47 8 1 1 4 0 0 0 0 0
49 4 0 0 0 0 0 4 1 1
50 4 0 0 4 0 0 0 0 0
51 4 0 0 0 0 0 0 0 0
53 8 0 0 4 0 0 0 0 0
55 4 1 1 0 0 0 4 0 0
59 3 0 0 0 0 0 0 0 0
60 3 0 0 3 0 0 0 0 0
64 1 0 0 0 0 0 0 0 0
fl=/build/glibc-Cl5G7W/glibc-2.23/setjmp/sigjmp.c
fn=__sigjmp_save
28 3 0 0 0 0 0 1 0 0
29 3 0 0 0 0 0 1 0 0
34 3 0 0 2 0 0 0 0 0
fl=/build/glibc-Cl5G7W/glibc-2.23/stdio-common/../include/../locale/localeinfo.h
fn=__printf_fp_l
306 3 0 0 2 2 2 1 0 0
fl=/build/glibc-Cl5G7W/glibc-2.23/stdio-common/../include/rounding-mode.h
fn=__printf_fp_l
52 6 0 0 0 0 0 0 0 0
fl=/build/glibc-Cl5G7W/glibc-2.23/stdio-common/../sysdeps/generic/get-rounding-mode.h
fn=__printf_fp_l
94 1 0 0 0 0 0 1 0 0
95 7 2 2 1 0 0 0 0 0
fl=/build/glibc-Cl5G7W/glibc-2.23/stdio-common/../sysdeps/pthread/allocalim.h
fn=__printf_fp_l
29 2 0 0 0 0 0 0 0 0
fl=/build/glibc-Cl5G7W/glibc-2.23/stdio-common/_itoa.c
fn=_itoa_word
168 4 2 2 0 0 0 0 0 0
170 2 0 0 0 0 0 0 0 0
179 74 1 1 6 1 1 6 1 0
188 2 0 0 1 0 0 0 0 0
fl=/build/glibc-Cl5G7W/glibc-2.23/stdio-common/printf-parse.h
fn=vfprintf
108 15 0 0 0 0 0 8 1 1
fl=/build/glibc-Cl5G7W/glibc-2.23/stdio-common/printf.c
fn=printf
28 16 2 2 0 0 0 13 0 0
32 6 1 1 0 0 0 4 0 0
33 5 0 0 2 2 2 1 0 0
37 2 1 0 1 1 0 0 0 0
fl=/build/glibc-Cl5G7W/glibc-2.23/stdio-common/printf_fp.c
fn=__printf_fp
1256 1 0 0 0 0 0 0 0 0
1257 5 1 1 2 1 0 0 0 0
fn=__printf_fp_l
172 76 2 2 18 0 0 6 0 0
174 12 0 0 4 0 0 0 0 0
176 16 1 1 12 0 0 0 0 0
177 36 1 1 0 0 0 8 0 0
215 11 1 1 0 0 0 7 1 1
245 1 0 0 0 0 0 1 0 0
248 1 1 1 0 0 0 0 0 0
254 6 0 0 1 0 0 1 0 0
261 1 1 1 0 0 0 1 0 0
264 2 0 0 0 0 0 0 0 0
267 2 0 0 1 0 0 1 0 0
285 3 1 1 1 0 0 0 0 0
316 2 0 0 0 0 0 2 0 0
318 1 0 0 0 0 0 1 0 0
332 2 0 0 0 0 0 0 0 0
334 1 0 0 1 0 0 0 0 0
378 1 1 1 1 0 0 0 0 0
381 2 0 0 0 0 0 0 0 0
395 4 0 0 2 2 2 0 0 0
411 9 1 1 0 0 0 3 1 0
415 3 0 0 0 0 0 0 0 0
435 12 2 2 0 0 0 0 0 0
451 1 0 0 1 0 0 0 0 0
454 9 1 1 0 0 0 0 0 0
455 7 0 0 0 0 0 1 0 0
456 4 1 1 0 0 0 1 0 0
457 4 0 0 0 0 0 1 0 0
463 1 0 0 0 0 0 1 0 0
464 2 0 0 0 0 0 0 0 0
568 1 1 1 0 0 0 0 0 0
638 2 0 0 0 0 0 0 0 0
641 1 0 0 0 0 0 1 0 0
642 1 0 0 0 0 0 0 0 0
643 1 0 0 0 0 0 0 0 0
646 4 1 1 0 0 0 1 0 0
647 5 0 0 2 0 0 2 0 0
650 1 0 0 0 0 0 1 0 0
651 3 0 0 1 0 0 1 0 0
656 12 0 0 0 0 0 0 0 0
658 24 0 0 12 4 4 0 0 0
665 10 0 0 4 1 1 0 0 0
666 4 0 0 2 0 0 0 0 0
671 15 1 1 4 0 0 4 0 0
674 6 1 1 4 0 0 0 0 0
675 4 0 0 0 0 0 0 0 0
676 6 1 1 0 0 0 2 0 0
678 12 0 0 4 0 0 0 0 0
679 16 1 1 0 0 0 0 0 0
687 8 0 0 2 0 0 0 0 0
689 2 0 0 0 0 0 0 0 0
691 1 0 0 0 0 0 1 0 0
693 5 0 0 0 0 0 1 0 0
699 3 1 1 0 0 0 1 0 0
709 6 0 0 0 0 0 0 0 0
710 2 0 0 1 0 0 0 0 0
712 1 1 1 0 0 0 0 0 0
717 2 0 0 0 0 0 1 0 0
718 4 1 1 1 0 0 0 0 0
723 4 0 0 0 0 0 0 0 0
726 3 0 0 1 0 0 0 0 0
727 2 1 1 0 0 0 0 0 0
734 2 1 1 0 0 0 0 0 0
737 4 0 0 0 0 0 0 0 0
750 3 0 0 0 0 0 0 0 0
760 2 0 0 1 0 0 1 0 0
763 5 0 0 2 0 0 1 0 0
770 46 2 2 0 0 0 0 0 0
772 4 1 1 2 0 0 0 0 0
776 5 1 1 3 0 0 1 0 0
777 2 0 0 1 0 0 1 0 0
780 3 0 0 2 0 0 0 0 0
781 5 0 0 2 0 0 0 0 0
789 3 2 2 1 0 0 1 0 0
790 3 1 1 1 0 0 1 0 0
791 1 0 0 1 0 0 0 0 0
794 3 0 0 1 0 0 1 0 0
812 2 0 0 1 0 0 1 0 0
816 1 0 0 0 0 0 1 0 0
821 1 1 1 0 0 0 1 0 0
822 6 1 1 4 2 2 1 0 0
824 2 0 0 0 0 0 0 0 0
834 2 0 0 1 0 0 0 0 0
836 1 0 0 0 0 0 1 0 0
837 10 3 3 2 0 0 3 0 0
838 1 0 0 0 0 0 1 0 0
839 1 0 0 0 0 0 1 0 0
840 3 0 0 1 0 0 0 0 0
848 1 0 0 0 0 0 1 0 0
849 3 1 1 0 0 0 1 0 0
882 3 1 1 1 0 0 0 0 0
896 7 1 1 2 0 0 0 0 0
903 1 0 0 0 0 0 0 0 0
913 7 1 1 0 0 0 2 0 0
914 2 0 0 0 0 0 1 0 0
917 5 0 0 2 0 0 0 0 0
929 1 1 1 1 0 0 0 0 0
935 2 1 1 1 0 0 1 0 0
936 1 0 0 1 0 0 0 0 0
937 4 0 0 1 0 0 1 0 0
941 3 0 0 1 0 0 1 0 0
942 7 1 1 0 0 0 3 0 0
943 28 0 0 7 0 0 0 0 0
944 5 0 0 2 0 0 0 0 0
946 6 0 0 0 0 0 0 0 0
947 6 1 1 0 0 0 6 0 0
948 6 0 0 0 0 0 0 0 0
950 12 0 0 0 0 0 0 0 0
959 5 0 0 3 0 0 0 0 0
960 3 1 1 1 0 0 2 0 0
962 5 0 0 1 0 0 0 0 0
963 1 0 0 0 0 0 0 0 0
967 7 1 1 4 0 0 1 0 0
984 3 1 1 0 0 0 0 0 0
989 8 1 1 2 0 0 0 0 0
994 3 0 0 1 0 0 0 0 0
998 2 1 1 0 0 0 1 0 0
1009 4 0 0 1 0 0 0 0 0
1078 4 1 1 0 0 0 0 0 0
1085 2 0 0 0 0 0 0 0 0
1088 2 0 0 1 0 0 0 0 0
1101 3 2 2 1 0 0 0 0 0
1147 6 1 1 2 0 0 0 0 0
1149 7 1 1 2 0 0 1 0 0
1151 5 0 0 1 0 0 0 0 0
1154 2 0 0 0 0 0 0 0 0
1156 3 1 1 1 0 0 0 0 0
1157 1 1 1 0 0 0 0 0 0
1158 2 2 2 0 0 0 0 0 0
1159 4 1 1 1 0 0 0 0 0
1161 4 1 1 1 0 0 0 0 0
1170 3 1 1 1 0 0 0 0 0
1177 4 0 0 1 0 0 1 0 0
1180 1 0 0 0 0 0 0 0 0
1182 3 1 1 1 0 0 2 0 0
1184 3 0 0 1 0 0 0 0 0
1185 2 0 0 0 0 0 1 0 0
1189 5 1 1 2 0 0 1 0 0
1191 3 0 0 1 0 0 0 0 0
1202 6 1 1 0 0 0 0 0 0
1209 37 2 2 3 0 0 3 0 0
1210 24 0 0 8 0 0 0 0 0
1211 5 1 1 2 0 0 1 0 0
1212 14 0 0 0 0 0 0 0 0
1215 14 0 0 0 0 0 7 0 0
1219 2 0 0 1 0 0 0 0 0
1236 116 2 2 24 0 0 9 0 0
1239 3 1 1 1 0 0 0 0 0
1246 2 1 1 1 0 0 0 0 0
1250 9 1 1 7 0 0 0 0 0
fn=hack_digit
169 3 1 1 0 0 0 2 0 0
172 11 1 1 3 0 0 1 0 0
174 4 0 0 1 0 0 0 0 0
176 4 1 1 3 0 0 0 0 0
177 5 0 0 0 0 0 2 0 0
209 6 0 0 3 0 0 0 0 0
fl=/build/glibc-Cl5G7W/glibc-2.23/stdio-common/vfprintf.c
fn=vfprintf
1236 8 2 2 0 0 0 6 0 0
1267 3 0 0 2 2 2 1 1 1
1275 4 0 0 1 1 1 1 0 0
1279 5 0 0 1 1 1 0 0 0
1290 5 1 1 0 0 0 0 0 0
1301 6 1 1 3 0 0 3 1 1
1312 1 0 0 0 0 0 1 0 0
1316 10 2 2 3 1 1 2 0 0
1317 14 1 1 7 3 3 1 0 0
1320 15 2 2 3 2 1 2 0 0
1324 3 1 1 2 1 0 0 0 0
1328 12 3 3 3 2 1 5 0 0
1349 2 0 0 0 0 0 2 0 0
1350 2 1 1 0 0 0 2 0 0
1351 2 0 0 0 0 0 2 0 0
1352 2 0 0 0 0 0 2 0 0
1353 2 0 0 0 0 0 2 0 0
1354 2 0 0 0 0 0 2 0 0
1355 2 1 1 0 0 0 2 0 0
1356 2 0 0 0 0 0 2 0 0
1357 2 0 0 0 0 0 2 0 0
1358 2 0 0 0 0 0 2 0 0
1359 2 0 0 0 0 0 2 0 0
1362 2 0 0 0 0 0 2 0 0
1363 2 1 1 0 0 0 2 0 0
1366 2 0 0 0 0 0 0 0 0
1367 8 0 0 2 0 0 2 0 0
1370 32 1 1 6 2 2 2 0 0
1531 2 0 0 0 0 0 1 1 1
1552 2 0 0 0 0 0 1 1 1
1603 1 0 0 0 0 0 1 0 0
1604 18 2 2 4 1 1 1 0 0
1631 206 30 30 69 4 0 39 1 0
1632 4 0 0 1 0 0 1 0 0
1649 2 1 1 2 0 0 0 0 0
1651 4 0 0 0 0 0 0 0 0
1659 8 1 1 2 0 0 4 0 0
1663 50 2 2 14 0 0 6 0 0
1665 5 0 0 2 0 0 0 0 0
1685 10 1 1 5 0 0 1 0 0
1686 2 0 0 0 0 0 0 0 0
1688 1 0 0 0 0 0 0 0 0
1689 8 0 0 7 0 0 0 0 0
fl=/build/glibc-Cl5G7W/glibc-2.23/stdlib/../sysdeps/ieee754/dbl-64/dbl2mpn.c
fn=__mpn_extract_double
33 1 0 0 0 0 0 0 0 0
37 3 1 1 0 0 0 1 0 0
38 5 0 0 0 0 0 1 0 0
47 3 1 1 0 0 0 1 0 0
56 3 0 0 0 0 0 0 0 0
103 3 1 1 0 0 0 1 0 0
107 2 0 0 1 0 0 0 0 0
fl=/build/glibc-Cl5G7W/glibc-2.23/stdlib/../sysdeps/x86_64/lshift.S
fn=__mpn_lshift
29 1 1 1 0 0 0 0 0 0
30 1 0 0 0 0 0 0 0 0
32 1 0 0 0 0 0 0 0 0
33 1 0 0 0 0 0 0 0 0
34 1 1 1 0 0 0 0 0 0
46 1 0 0 0 0 0 0 0 0
47 1 0 0 0 0 0 0 0 0
48 1 0 0 1 0 0 0 0 0
49 1 0 0 0 0 0 0 0 0
50 1 0 0 0 0 0 0 0 0
51 1 0 0 0 0 0 0 0 0
52 1 0 0 0 0 0 0 0 0
58 1 1 1 0 0 0 0 0 0
59 1 0 0 0 0 0 1 0 0
60 1 0 0 1 0 0 0 0 0
fl=/build/glibc-Cl5G7W/glibc-2.23/stdlib/../sysdeps/x86_64/mul_1.S
fn=__mpn_mul_1
32 8 1 1 0 0 0 8 0 0
35 8 0 0 0 0 0 0 0 0
36 8 0 0 8 0 0 0 0 0
37 8 0 0 0 0 0 0 0 0
38 8 0 0 0 0 0 0 0 0
39 8 0 0 0 0 0 0 0 0
41 8 0 0 0 0 0 0 0 0
42 8 0 0 0 0 0 0 0 0
44 8 0 0 0 0 0 0 0 0
45 8 0 0 0 0 0 0 0 0
46 8 0 0 0 0 0 0 0 0
47 8 1 1 0 0 0 0 0 0
48 5 0 0 0 0 0 0 0 0
50 5 0 0 0 0 0 0 0 0
51 5 0 0 0 0 0 0 0 0
52 5 0 0 0 0 0 5 0 0
53 5 0 0 0 0 0 0 0 0
79 3 1 1 0 0 0 0 0 0
80 3 0 0 0 0 0 0 0 0
81 3 0 0 0 0 0 0 0 0
82 3 0 0 0 0 0 0 0 0
83 3 0 0 0 0 0 0 0 0
84 3 0 0 0 0 0 0 0 0
85 3 0 0 3 0 0 0 0 0
86 3 0 0 0 0 0 0 0 0
87 3 0 0 0 0 0 0 0 0
113 3 1 1 0 0 0 0 0 0
114 3 0 0 0 0 0 0 0 0
115 3 0 0 0 0 0 0 0 0
117 3 0 0 0 0 0 3 0 0
118 3 0 0 0 0 0 0 0 0
119 3 0 0 0 0 0 0 0 0
120 3 0 0 0 0 0 3 0 0
121 3 0 0 0 0 0 0 0 0
122 8 0 0 0 0 0 0 0 0
124 8 0 0 8 0 0 0 0 0
127 8 0 0 8 0 0 0 0 0
fl=/build/glibc-Cl5G7W/glibc-2.23/stdlib/../sysdeps/x86_64/rshift.S
fn=__mpn_rshift
29 2 1 1 0 0 0 0 0 0
30 2 0 0 0 0 0 0 0 0
31 2 0 0 0 0 0 0 0 0
44 2 0 0 0 0 0 0 0 0
45 2 0 0 0 0 0 0 0 0
61 2 1 1 0 0 0 0 0 0
62 2 0 0 2 0 0 0 0 0
63 2 0 0 2 0 0 0 0 0
64 2 0 0 0 0 0 0 0 0
65 2 0 0 0 0 0 0 0 0
66 2 0 0 0 0 0 0 0 0
67 2 0 0 0 0 0 0 0 0
72 2 0 0 0 0 0 0 0 0
73 2 0 0 0 0 0 2 0 0
74 2 1 1 0 0 0 0 0 0
75 2 0 0 0 0 0 2 0 0
76 2 0 0 2 0 0 0 0 0
fl=/build/glibc-Cl5G7W/glibc-2.23/stdlib/cxa_atexit.c
fn=__cxa_atexit
35 2 0 0 0 0 0 1 0 0
37 2 0 0 0 0 0 0 0 0
41 3 0 0 1 0 0 0 0 0
43 1 0 0 0 0 0 1 0 0
44 1 0 0 0 0 0 1 0 0
45 1 0 0 0 0 0 1 0 0
47 1 1 1 0 0 0 1 0 0
48 1 0 0 0 0 0 0 0 0
57 6 1 1 0 0 0 3 0 0
59 4 0 0 4 0 0 0 0 0
fn=__new_exitfn
73 4 1 1 0 0 0 2 0 0
79 6 1 1 2 2 2 0 0 0
81 9 1 1 2 1 0 0 0 0
83 3 1 1 1 1 0 0 0 0
91 2 0 0 0 0 0 1 0 0
112 1 1 1 0 0 0 0 0 0
113 2 1 1 0 0 0 1 0 0
126 1 1 1 0 0 0 1 0 0
127 1 0 0 1 1 1 0 0 0
130 4 0 0 2 0 0 0 0 0
133 5 0 0 3 0 0 0 0 0
fl=/build/glibc-Cl5G7W/glibc-2.23/stdlib/cxa_finalize.c
fn=__cxa_finalize
31 8 0 0 0 0 0 6 0 0
35 7 1 1 2 0 0 0 0 0
39 6 1 1 1 0 0 0 0 0
48 1 0 0 0 0 0 0 0 0
67 7 1 1 2 1 1 0 0 0
71 6 0 0 1 1 1 0 0 0
79 2 0 0 0 0 0 0 0 0
80 2 0 0 0 0 0 0 0 0
82 7 1 1 6 0 0 0 0 0
fl=/build/glibc-Cl5G7W/glibc-2.23/stdlib/cxa_thread_atexit_impl.c
fn=__call_tls_dtors
145 3 1 1 0 0 0 2 0 0
146 4 0 0 2 0 0 0 0 0
164 4 1 1 3 0 0 0 0 0
fl=/build/glibc-Cl5G7W/glibc-2.23/stdlib/exit.c
fn=__run_exit_handlers
35 8 1 1 0 0 0 4 1 0
40 2 0 0 1 1 1 1 0 0
46 8 0 0 2 1 1 0 0 0
50 6 1 1 0 0 0 0 0 0
52 1 0 0 0 0 0 1 0 0
53 1 0 0 0 0 0 0 0 0
54 5 0 0 1 0 0 0 0 0
78 2 1 1 0 0 0 0 0 0
80 3 0 0 2 1 0 0 0 0
82 3 0 0 1 0 0 1 0 0
83 1 0 0 0 0 0 0 0 0
87 2 0 0 1 0 0 1 0 0
88 2 0 0 0 0 0 0 0 0
94 2 1 1 0 0 0 0 0 0
95 8 0 0 1 1 1 1 0 0
97 2 0 0 0 0 0 1 0 0
fn=exit
103 1 0 0 0 0 0 0 0 0
104 3 2 2 0 0 0 1 0 0
fl=/build/glibc-Cl5G7W/glibc-2.23/stdlib/mul.c
fn=__mpn_mul
48 26 2 2 0 0 0 18 0 0
54 4 0 0 0 0 0 0 0 0
66 4 0 0 0 0 0 0 0 0
67 2 0 0 0 0 0 0 0 0
71 2 0 0 2 1 1 0 0 0
72 4 0 0 0 0 0 0 0 0
81 2 0 0 0 0 0 2 0 0
83 6 0 0 2 0 0 2 0 0
84 2 1 1 0 0 0 0 0 0
88 4 0 0 0 0 0 0 0 0
142 16 1 1 14 0 0 0 0 0
fl=/build/glibc-Cl5G7W/glibc-2.23/string/../bits/stdlib-bsearch.h
fn=intel_check_word
27 8 0 0 0 0 0 0 0 0
28 16 0 0 0 0 0 0 0 0
29 112 0 0 0 0 0 0 0 0
31 152 0 0 0 0 0 0 0 0
32 54 0 0 0 0 0 0 0 0
37 10 1 1 0 0 0 0 0 0
fl=/build/glibc-Cl5G7W/glibc-2.23/string/../sysdeps/x86_64/cacheinfo.c
fn=handle_intel
261 16 0 0 0 0 0 12 0 0
262 4 1 1 0 0 0 0 0 0
273 6 0 0 0 0 0 2 0 0
275 2 1 1 0 0 0 2 0 0
276 4 0 0 0 0 0 2 0 0
278 2 0 0 0 0 0 0 0 0
284 10 1 1 0 0 0 2 0 0
289 4 0 0 0 0 0 0 0 0
291 6 0 0 0 0 0 2 0 0
292 2 0 0 0 0 0 0 0 0
296 8 0 0 0 0 0 2 0 0
297 4 0 0 0 0 0 0 0 0
300 10 1 1 0 0 0 2 0 0
301 4 0 0 0 0 0 0 0 0
318 16 1 1 14 0 0 0 0 0
fn=init_cacheinfo
482 5 1 1 0 0 0 5 0 0
494 4 0 0 2 0 0 0 0 0
496 5 0 0 1 0 0 1 0 0
499 1 0 0 0 0 0 0 0 0
500 4 1 1 0 0 0 1 0 0
502 2 0 0 0 0 0 0 0 0
511 2 0 0 0 0 0 0 0 0
513 1 0 0 1 0 0 0 0 0
514 1 0 0 1 0 0 0 0 0
516 1 0 0 0 0 0 0 0 0
521 18 1 1 0 0 0 0 0 0
527 8 0 0 0 0 0 0 0 0
530 20 0 0 0 0 0 0 0 0
532 1 1 1 0 0 0 0 0 0
538 6 0 0 0 0 0 0 0 0
545 11 1 1 0 0 0 0 0 0
547 2 0 0 0 0 0 0 0 0
548 2 0 0 0 0 0 0 0 0
549 8 0 0 0 0 0 0 0 0
551 4 0 0 0 0 0 0 0 0
556 1 0 0 0 0 0 0 0 0
558 3 0 0 0 0 0 0 0 0
559 4 0 0 0 0 0 0 0 0
564 2 0 0 0 0 0 0 0 0
565 6 1 1 0 0 0 0 0 0
596 4 0 0 0 0 0 0 0 0
597 5 0 0 0 0 0 0 0 0
652 2 0 0 0 0 0 0 0 0
654 3 1 1 0 0 0 1 0 0
655 1 0 0 0 0 0 1 1 1
657 1 0 0 0 0 0 0 0 0
658 3 0 0 0 0 0 1 0 0
659 1 0 0 0 0 0 1 0 0
662 2 0 0 0 0 0 0 0 0
664 3 0 0 0 0 0 1 0 0
665 1 0 0 0 0 0 1 0 0
667 1 1 1 0 0 0 0 0 0
668 3 0 0 0 0 0 1 0 0
669 1 0 0 0 0 0 1 0 0
671 6 0 0 6 0 0 0 0 0
fn=intel_check_word
121 108 0 0 54 6 6 0 0 0
124 54 1 1 0 0 0 0 0 0
132 24 0 0 0 0 0 16 0 0
133 8 1 1 0 0 0 0 0 0
135 2 0 0 0 0 0 0 0 0
139 28 1 1 0 0 0 0 0 0
141 24 0 0 0 0 0 0 0 0
143 10 0 0 0 0 0 0 0 0
145 20 0 0 0 0 0 0 0 0
153 20 1 1 0 0 0 0 0 0
165 17 1 1 0 0 0 0 0 0
168 15 0 0 0 0 0 0 0 0
172 10 1 1 0 0 0 0 0 0
174 10 0 0 0 0 0 0 0 0
175 26 0 0 0 0 0 0 0 0
177 21 0 0 0 0 0 0 0 0
178 10 0 0 0 0 0 0 0 0
179 10 0 0 0 0 0 0 0 0
180 6 0 0 0 0 0 0 0 0
182 2 1 1 0 0 0 0 0 0
184 4 0 0 0 0 0 0 0 0
186 32 2 2 0 0 0 0 0 0
197 3 0 0 0 0 0 0 0 0
204 16 0 0 0 0 0 0 0 0
209 8 0 0 4 0 0 0 0 0
212 24 0 0 8 0 0 0 0 0
226 8 0 0 0 0 0 0 0 0
251 8 0 0 0 0 0 0 0 0
256 24 0 0 20 0 0 0 0 0
fl=/build/glibc-Cl5G7W/glibc-2.23/string/../sysdeps/x86_64/memcpy.S
fn=__GI_mempcpy
61 4 1 1 0 0 0 0 0 0
65 4 0 0 0 0 0 0 0 0
68 4 0 0 0 0 0 0 0 0
69 4 0 0 0 0 0 0 0 0
71 1 0 0 1 0 0 0 0 0
72 1 0 0 0 0 0 1 0 0
74 1 0 0 0 0 0 0 0 0
75 1 0 0 0 0 0 0 0 0
80 4 1 1 0 0 0 0 0 0
81 4 0 0 0 0 0 0 0 0
83 3 0 0 3 0 0 0 0 0
84 3 0 0 0 0 0 3 0 0
86 3 0 0 0 0 0 0 0 0
87 3 0 0 0 0 0 0 0 0
92 4 0 0 0 0 0 0 0 0
93 4 0 0 0 0 0 0 0 0
95 1 0 0 1 0 0 0 0 0
96 1 0 0 0 0 0 1 0 0
98 1 0 0 0 0 0 0 0 0
99 1 0 0 0 0 0 0 0 0
104 4 0 0 0 0 0 0 0 0
105 4 0 0 0 0 0 0 0 0
116 4 1 1 0 0 0 0 0 0
117 4 0 0 0 0 0 0 0 0
138 4 0 0 0 0 0 0 0 0
142 4 0 0 4 0 0 0 0 0
fn=mempcpy
61 27 1 1 0 0 0 0 0 0
65 27 0 0 0 0 0 0 0 0
68 26 0 0 0 0 0 0 0 0
69 26 0 0 0 0 0 0 0 0
71 11 0 0 11 2 2 0 0 0
72 11 0 0 0 0 0 11 3 3
74 11 1 1 0 0 0 0 0 0
75 11 0 0 0 0 0 0 0 0
80 26 0 0 0 0 0 0 0 0
81 26 0 0 0 0 0 0 0 0
83 18 0 0 18 0 0 0 0 0
84 18 0 0 0 0 0 18 0 0
86 18 0 0 0 0 0 0 0 0
87 18 0 0 0 0 0 0 0 0
92 26 0 0 0 0 0 0 0 0
93 26 0 0 0 0 0 0 0 0
95 9 0 0 9 0 0 0 0 0
96 9 0 0 0 0 0 9 0 0
98 9 0 0 0 0 0 0 0 0
99 9 0 0 0 0 0 0 0 0
104 26 0 0 0 0 0 0 0 0
105 26 0 0 0 0 0 0 0 0
107 14 0 0 14 0 0 0 0 0
108 14 0 0 0 0 0 14 0 0
110 14 0 0 0 0 0 0 0 0
111 28 0 0 0 0 0 0 0 0
116 26 1 1 0 0 0 0 0 0
117 30 0 0 0 0 0 0 0 0
122 4 0 0 4 0 0 0 0 0
123 4 0 0 4 0 0 0 0 0
124 4 0 0 0 0 0 4 1 1
125 4 0 0 0 0 0 4 0 0
127 4 0 0 0 0 0 0 0 0
129 4 0 0 0 0 0 0 0 0
130 4 0 0 0 0 0 0 0 0
132 4 0 0 0 0 0 0 0 0
138 26 0 0 0 0 0 0 0 0
142 26 0 0 26 0 0 0 0 0
154 2 0 0 0 0 0 0 0 0
156 2 0 0 0 0 0 0 0 0
157 2 0 0 0 0 0 0 0 0
183 2 1 1 0 0 0 0 0 0
184 2 0 0 0 0 0 0 0 0
187 2 0 0 0 0 0 0 0 0
188 2 0 0 0 0 0 0 0 0
189 2 0 0 0 0 0 0 0 0
194 2 0 0 0 0 0 0 0 0
196 2 0 0 2 0 0 0 0 0
197 2 0 0 2 0 0 0 0 0
198 2 0 0 2 0 0 0 0 0
199 2 1 1 2 0 0 0 0 0
201 2 0 0 0 0 0 2 1 1
202 2 0 0 0 0 0 2 0 0
203 2 0 0 0 0 0 2 0 0
204 2 0 0 0 0 0 2 0 0
206 2 0 0 0 0 0 0 0 0
207 2 0 0 0 0 0 0 0 0
209 2 0 0 0 0 0 0 0 0
231 2 1 1 0 0 0 0 0 0
233 2 0 0 0 0 0 0 0 0
235 1 0 0 0 0 0 0 0 0
242 1 0 0 1 0 0 0 0 0
fl=/build/glibc-Cl5G7W/glibc-2.23/string/../sysdeps/x86_64/multiarch/../memcmp.S
fn=bcmp
24 13 1 1 0 0 0 0 0 0
25 13 0 0 0 0 0 0 0 0
26 13 0 0 0 0 0 0 0 0
27 13 0 0 0 0 0 0 0 0
28 13 0 0 0 0 0 0 0 0
29 13 0 0 0 0 0 0 0 0
30 13 0 0 0 0 0 0 0 0
31 13 1 1 0 0 0 0 0 0
34 13 0 0 0 0 0 0 0 0
35 13 0 0 0 0 0 0 0 0
36 5 0 0 5 1 1 0 0 0
37 5 0 0 5 3 3 0 0 0
38 5 0 0 0 0 0 0 0 0
39 5 0 0 0 0 0 0 0 0
40 5 0 0 0 0 0 0 0 0
41 5 0 0 0 0 0 0 0 0
42 5 0 0 0 0 0 0 0 0
44 12 0 0 0 0 0 0 0 0
45 12 0 0 0 0 0 0 0 0
46 4 0 0 4 0 0 0 0 0
47 4 0 0 4 0 0 0 0 0
48 4 0 0 0 0 0 0 0 0
49 4 0 0 0 0 0 0 0 0
50 4 0 0 0 0 0 0 0 0
51 4 0 0 0 0 0 0 0 0
52 4 0 0 0 0 0 0 0 0
54 12 1 1 0 0 0 0 0 0
55 12 0 0 0 0 0 0 0 0
56 5 0 0 5 1 1 0 0 0
57 5 0 0 5 1 1 0 0 0
58 5 0 0 0 0 0 0 0 0
59 5 0 0 0 0 0 0 0 0
60 2 0 0 0 0 0 0 0 0
61 2 0 0 0 0 0 0 0 0
62 2 0 0 0 0 0 0 0 0
64 9 0 0 0 0 0 0 0 0
65 9 0 0 0 0 0 0 0 0
66 5 0 0 5 0 0 0 0 0
67 5 0 0 5 2 2 0 0 0
68 5 0 0 0 0 0 0 0 0
69 5 0 0 0 0 0 0 0 0
74 4 0 0 4 3 3 0 0 0
75 4 0 0 4 0 0 0 0 0
76 4 0 0 0 0 0 0 0 0
77 4 0 0 0 0 0 0 0 0
78 4 0 0 0 0 0 0 0 0
79 4 0 0 0 0 0 0 0 0
80 4 0 0 0 0 0 0 0 0
81 2 0 0 0 0 0 0 0 0
82 2 0 0 0 0 0 0 0 0
83 2 0 0 2 0 0 0 0 0
84 2 0 0 2 0 0 0 0 0
85 2 0 0 0 0 0 0 0 0
92 2 0 0 0 0 0 0 0 0
94 3 0 0 3 0 0 0 0 0
98 8 1 1 0 0 0 0 0 0
99 8 0 0 0 0 0 0 0 0
100 1 0 0 0 0 0 0 0 0
101 1 0 0 0 0 0 0 0 0
102 1 0 0 0 0 0 0 0 0
103 1 0 0 0 0 0 0 0 0
104 1 0 0 0 0 0 0 0 0
105 1 0 0 0 0 0 0 0 0
106 1 0 0 0 0 0 0 0 0
107 1 0 0 0 0 0 0 0 0
108 1 0 0 0 0 0 0 0 0
109 1 0 0 0 0 0 0 0 0
110 1 0 0 1 0 0 0 0 0
114 9 1 1 0 0 0 0 0 0
115 9 0 0 9 0 0 0 0 0
fl=/build/glibc-Cl5G7W/glibc-2.23/string/../sysdeps/x86_64/multiarch/../memcpy.S
fn=memcpy
61 17 1 1 0 0 0 0 0 0
63 17 0 0 0 0 0 0 0 0
65 17 0 0 0 0 0 0 0 0
68 15 0 0 0 0 0 0 0 0
69 15 0 0 0 0 0 0 0 0
71 7 0 0 7 0 0 0 0 0
72 7 0 0 0 0 0 7 1 1
74 7 0 0 0 0 0 0 0 0
75 7 0 0 0 0 0 0 0 0
80 15 0 0 0 0 0 0 0 0
81 15 0 0 0 0 0 0 0 0
83 6 0 0 6 0 0 0 0 0
84 6 0 0 0 0 0 6 1 1
86 6 0 0 0 0 0 0 0 0
87 12 0 0 0 0 0 0 0 0
92 15 1 1 0 0 0 0 0 0
93 15 0 0 0 0 0 0 0 0
95 5 0 0 5 0 0 0 0 0
96 5 0 0 0 0 0 5 0 0
98 5 0 0 0 0 0 0 0 0
99 5 0 0 0 0 0 0 0 0
104 15 0 0 0 0 0 0 0 0
105 15 0 0 0 0 0 0 0 0
107 9 0 0 9 0 0 0 0 0
108 9 0 0 0 0 0 9 2 2
110 9 0 0 0 0 0 0 0 0
111 9 0 0 0 0 0 0 0 0
116 15 0 0 0 0 0 0 0 0
117 22 0 0 0 0 0 0 0 0
122 7 0 0 7 0 0 0 0 0
123 7 0 0 7 0 0 0 0 0
124 7 0 0 0 0 0 7 0 0
125 7 0 0 0 0 0 7 1 1
127 7 0 0 0 0 0 0 0 0
129 7 0 0 0 0 0 0 0 0
130 7 0 0 0 0 0 0 0 0
132 7 0 0 0 0 0 0 0 0
140 15 1 1 15 0 0 0 0 0
148 6 0 0 0 0 0 6 0 0
154 6 0 0 0 0 0 0 0 0
156 6 0 0 0 0 0 0 0 0
157 6 0 0 0 0 0 0 0 0
160 2 0 0 0 0 0 0 0 0
161 6 0 0 0 0 0 0 0 0
166 8 1 1 8 0 0 0 0 0
167 8 0 0 0 0 0 8 1 1
169 8 0 0 0 0 0 0 0 0
171 8 0 0 0 0 0 0 0 0
172 8 0 0 0 0 0 0 0 0
174 12 0 0 0 0 0 0 0 0
183 6 0 0 0 0 0 0 0 0
184 6 0 0 0 0 0 0 0 0
187 6 0 0 0 0 0 0 0 0
188 6 0 0 0 0 0 0 0 0
189 6 0 0 0 0 0 0 0 0
194 5 0 0 0 0 0 0 0 0
196 5 0 0 5 0 0 0 0 0
197 5 0 0 5 0 0 0 0 0
198 5 0 0 5 0 0 0 0 0
199 5 1 1 5 0 0 0 0 0
201 5 0 0 0 0 0 5 1 1
202 5 0 0 0 0 0 5 0 0
203 5 0 0 0 0 0 5 1 1
204 5 0 0 0 0 0 5 0 0
206 5 0 0 0 0 0 0 0 0
207 5 0 0 0 0 0 0 0 0
209 5 0 0 0 0 0 0 0 0
231 6 1 1 0 0 0 0 0 0
237 6 0 0 6 0 0 0 0 0
238 6 0 0 0 0 0 0 0 0
240 2 0 0 2 0 0 0 0 0
fl=/build/glibc-Cl5G7W/glibc-2.23/string/../sysdeps/x86_64/multiarch/../memset.S
fn=memset
53 13 1 1 0 0 0 0 0 0
54 13 0 0 0 0 0 0 0 0
55 13 0 0 0 0 0 0 0 0
56 13 0 0 0 0 0 0 0 0
57 13 0 0 0 0 0 0 0 0
59 13 0 0 0 0 0 0 0 0
60 13 0 0 0 0 0 0 0 0
61 11 0 0 0 0 0 0 0 0
62 11 0 0 0 0 0 0 0 0
77 2 1 1 0 0 0 0 0 0
78 2 0 0 0 0 0 2 1 1
79 2 0 0 0 0 0 0 0 0
80 2 0 0 0 0 0 2 2 2
81 2 0 0 0 0 0 2 0 0
82 2 0 0 0 0 0 2 0 0
83 2 0 0 0 0 0 2 1 1
84 2 0 0 0 0 0 2 0 0
85 2 0 0 0 0 0 2 0 0
86 2 0 0 0 0 0 2 0 0
87 2 0 0 0 0 0 0 0 0
88 2 0 0 0 0 0 0 0 0
89 2 0 0 0 0 0 0 0 0
90 4 0 0 0 0 0 0 0 0
93 36 0 0 0 0 0 36 33 33
94 36 0 0 0 0 0 36 0 0
95 36 0 0 0 0 0 36 0 0
96 36 0 0 0 0 0 36 0 0
97 36 0 0 0 0 0 0 0 0
98 36 0 0 0 0 0 0 0 0
99 36 0 0 0 0 0 0 0 0
100 2 0 0 2 0 0 0 0 0
103 11 1 1 0 0 0 0 0 0
104 11 0 0 0 0 0 0 0 0
105 11 0 0 0 0 0 0 0 0
106 4 0 0 0 0 0 0 0 0
107 4 0 0 0 0 0 0 0 0
108 2 0 0 0 0 0 0 0 0
109 2 0 0 0 0 0 0 0 0
112 2 0 0 0 0 0 0 0 0
113 2 0 0 0 0 0 0 0 0
114 2 0 0 0 0 0 2 0 0
115 2 0 0 2 0 0 0 0 0
117 2 0 0 0 0 0 2 0 0
118 2 0 0 0 0 0 2 0 0
119 2 0 0 2 0 0 0 0 0
121 7 0 0 0 0 0 7 2 2
122 7 0 0 0 0 0 7 0 0
123 7 0 0 7 0 0 0 0 0
fl=/build/glibc-Cl5G7W/glibc-2.23/string/../sysdeps/x86_64/multiarch/../strchr.S
fn=index
24 8 1 1 0 0 0 0 0 0
25 8 0 0 0 0 0 0 0 0
26 8 0 0 0 0 0 0 0 0
27 8 0 0 0 0 0 0 0 0
28 8 0 0 0 0 0 0 0 0
29 8 0 0 0 0 0 0 0 0
30 8 0 0 0 0 0 0 0 0
31 8 1 1 0 0 0 0 0 0
32 8 0 0 8 2 2 0 0 0
33 8 0 0 0 0 0 0 0 0
34 8 0 0 0 0 0 0 0 0
35 8 0 0 0 0 0 0 0 0
36 8 0 0 0 0 0 0 0 0
37 8 0 0 0 0 0 0 0 0
38 8 0 0 0 0 0 0 0 0
39 8 0 0 0 0 0 0 0 0
40 8 0 0 0 0 0 0 0 0
41 5 0 0 0 0 0 0 0 0
45 5 0 0 0 0 0 0 0 0
46 5 0 0 0 0 0 0 0 0
47 5 0 0 5 0 0 0 0 0
48 5 0 0 0 0 0 0 0 0
50 5 0 0 5 0 0 0 0 0
54 3 0 0 3 1 1 0 0 0
55 3 1 1 0 0 0 0 0 0
56 3 0 0 0 0 0 0 0 0
57 3 0 0 0 0 0 0 0 0
58 3 0 0 0 0 0 0 0 0
59 3 0 0 0 0 0 0 0 0
60 3 0 0 3 0 0 0 0 0
61 3 0 0 0 0 0 0 0 0
62 3 0 0 0 0 0 0 0 0
63 3 0 0 0 0 0 0 0 0
64 3 0 0 0 0 0 0 0 0
65 3 0 0 0 0 0 0 0 0
66 3 0 0 0 0 0 0 0 0
67 3 0 0 3 1 1 0 0 0
68 3 0 0 0 0 0 0 0 0
69 3 0 0 0 0 0 0 0 0
70 3 0 0 0 0 0 0 0 0
71 3 1 1 0 0 0 0 0 0
72 3 0 0 0 0 0 0 0 0
73 3 0 0 0 0 0 0 0 0
74 3 0 0 0 0 0 0 0 0
75 3 0 0 0 0 0 0 0 0
76 3 0 0 0 0 0 0 0 0
77 3 0 0 0 0 0 0 0 0
129 3 1 1 0 0 0 0 0 0
133 3 0 0 0 0 0 0 0 0
134 3 0 0 0 0 0 0 0 0
135 3 0 0 3 0 0 0 0 0
136 3 0 0 0 0 0 0 0 0
138 3 0 0 3 0 0 0 0 0
fl=/build/glibc-Cl5G7W/glibc-2.23/string/../sysdeps/x86_64/multiarch/../strcmp.S
fn=strcmp
144 171 1 1 0 0 0 0 0 0
145 171 0 0 0 0 0 0 0 0
147 171 0 0 0 0 0 0 0 0
148 171 0 0 0 0 0 0 0 0
169 171 0 0 0 0 0 0 0 0
170 171 0 0 0 0 0 0 0 0
171 142 0 0 0 0 0 0 0 0
172 142 0 0 0 0 0 0 0 0
173 141 0 0 141 16 13 0 0 0
174 141 0 0 141 12 5 0 0 0
175 141 0 0 141 0 0 0 0 0
176 141 0 0 141 0 0 0 0 0
197 141 0 0 0 0 0 0 0 0
198 141 0 0 0 0 0 0 0 0
199 141 0 0 0 0 0 0 0 0
200 141 0 0 0 0 0 0 0 0
201 141 0 0 0 0 0 0 0 0
202 141 1 1 0 0 0 0 0 0
203 141 0 0 0 0 0 0 0 0
208 5 0 0 0 0 0 0 0 0
209 5 0 0 0 0 0 0 0 0
218 35 0 0 0 0 0 0 0 0
219 35 0 0 0 0 0 0 0 0
220 35 0 0 0 0 0 0 0 0
221 35 0 0 0 0 0 0 0 0
222 35 0 0 0 0 0 0 0 0
223 35 0 0 0 0 0 0 0 0
224 35 0 0 0 0 0 0 0 0
225 35 0 0 0 0 0 0 0 0
226 34 0 0 0 0 0 0 0 0
227 31 0 0 0 0 0 0 0 0
228 31 0 0 0 0 0 0 0 0
229 31 0 0 0 0 0 0 0 0
231 34 0 0 0 0 0 0 0 0
232 34 0 0 0 0 0 0 0 0
233 34 1 1 0 0 0 0 0 0
234 34 0 0 34 4 2 0 0 0
235 34 0 0 0 0 0 0 0 0
236 34 0 0 0 0 0 0 0 0
246 1 0 0 1 0 0 0 0 0
247 1 0 0 0 0 0 0 0 0
248 1 0 0 0 0 0 0 0 0
250 1 0 0 1 0 0 0 0 0
256 1 0 0 0 0 0 0 0 0
257 1 0 0 0 0 0 0 0 0
258 1 0 0 0 0 0 0 0 0
259 1 0 0 0 0 0 0 0 0
260 1 0 0 0 0 0 0 0 0
265 1 0 0 0 0 0 0 0 0
1196 2 1 1 0 0 0 0 0 0
1197 2 0 0 2 0 0 0 0 0
1198 2 0 0 2 0 0 0 0 0
1199 2 0 0 0 0 0 0 0 0
1200 2 1 1 0 0 0 0 0 0
1202 2 0 0 0 0 0 0 0 0
1203 2 0 0 0 0 0 0 0 0
1204 2 0 0 0 0 0 0 0 0
1205 2 0 0 0 0 0 0 0 0
1206 2 0 0 0 0 0 0 0 0
1207 2 0 0 0 0 0 0 0 0
1208 2 0 0 0 0 0 0 0 0
1321 14 2 2 0 0 0 0 0 0
1322 14 0 0 14 1 0 0 0 0
1323 14 0 0 14 2 1 0 0 0
1324 14 0 0 0 0 0 0 0 0
1325 14 1 1 0 0 0 0 0 0
1327 14 0 0 0 0 0 0 0 0
1328 14 0 0 0 0 0 0 0 0
1329 14 0 0 0 0 0 0 0 0
1330 14 0 0 0 0 0 0 0 0
1331 14 0 0 0 0 0 0 0 0
1332 14 0 0 0 0 0 0 0 0
1333 14 0 0 0 0 0 0 0 0
1571 1 1 1 0 0 0 0 0 0
1572 1 0 0 1 0 0 0 0 0
1573 1 0 0 1 0 0 0 0 0
1574 1 0 0 0 0 0 0 0 0
1575 1 1 1 0 0 0 0 0 0
1577 1 0 0 0 0 0 0 0 0
1578 1 0 0 0 0 0 0 0 0
1579 1 0 0 0 0 0 0 0 0
1580 1 0 0 0 0 0 0 0 0
1581 1 0 0 0 0 0 0 0 0
1582 1 0 0 0 0 0 0 0 0
1583 1 0 0 0 0 0 0 0 0
1821 3 1 1 0 0 0 0 0 0
1822 3 0 0 3 0 0 0 0 0
1823 3 0 0 3 1 0 0 0 0
1824 3 0 0 0 0 0 0 0 0
1825 3 1 1 0 0 0 0 0 0
1827 3 0 0 0 0 0 0 0 0
1828 3 0 0 0 0 0 0 0 0
1829 3 0 0 0 0 0 0 0 0
1830 3 0 0 0 0 0 0 0 0
1831 3 0 0 0 0 0 0 0 0
1832 3 0 0 0 0 0 0 0 0
1833 3 0 0 0 0 0 0 0 0
1834 3 0 0 3 0 0 0 0 0
1838 3 0 0 0 0 0 0 0 0
1839 3 0 0 0 0 0 0 0 0
1840 3 0 0 0 0 0 0 0 0
1846 3 0 0 0 0 0 0 0 0
1847 3 0 0 0 0 0 0 0 0
1848 6 1 1 0 0 0 0 0 0
1852 3 0 0 0 0 0 0 0 0
1853 3 0 0 0 0 0 0 0 0
1856 3 0 0 3 0 0 0 0 0
1857 3 0 0 3 1 1 0 0 0
1858 3 0 0 0 0 0 0 0 0
1861 3 0 0 0 0 0 0 0 0
1862 3 0 0 0 0 0 0 0 0
1863 3 0 0 0 0 0 0 0 0
1869 3 0 0 0 0 0 0 0 0
1870 3 0 0 0 0 0 0 0 0
1871 3 1 1 0 0 0 0 0 0
1872 3 0 0 0 0 0 0 0 0
1873 3 0 0 0 0 0 0 0 0
1874 3 0 0 0 0 0 0 0 0
1946 3 1 1 0 0 0 0 0 0
1947 3 0 0 3 0 0 0 0 0
1948 3 0 0 3 1 1 0 0 0
1949 3 0 0 0 0 0 0 0 0
1950 3 1 1 0 0 0 0 0 0
1952 3 0 0 0 0 0 0 0 0
1953 3 0 0 0 0 0 0 0 0
1954 3 0 0 0 0 0 0 0 0
1955 3 0 0 0 0 0 0 0 0
1956 3 0 0 0 0 0 0 0 0
1957 3 0 0 0 0 0 0 0 0
1958 3 0 0 0 0 0 0 0 0
1959 1 0 0 1 0 0 0 0 0
1963 1 0 0 0 0 0 0 0 0
1964 1 0 0 0 0 0 0 0 0
1965 1 0 0 0 0 0 0 0 0
1971 1 0 0 0 0 0 0 0 0
1972 1 0 0 0 0 0 0 0 0
1973 2 1 1 0 0 0 0 0 0
1977 1 0 0 0 0 0 0 0 0
1978 1 0 0 0 0 0 0 0 0
1981 1 0 0 1 1 1 0 0 0
1982 1 0 0 1 1 1 0 0 0
1983 1 0 0 0 0 0 0 0 0
1986 1 0 0 0 0 0 0 0 0
1987 1 0 0 0 0 0 0 0 0
1988 1 0 0 0 0 0 0 0 0
1994 1 0 0 0 0 0 0 0 0
1995 1 0 0 0 0 0 0 0 0
1996 1 1 1 0 0 0 0 0 0
1997 1 0 0 0 0 0 0 0 0
1998 1 0 0 0 0 0 0 0 0
1999 1 0 0 0 0 0 0 0 0
2071 11 1 1 0 0 0 0 0 0
2072 11 0 0 11 2 1 0 0 0
2073 11 0 0 11 1 1 0 0 0
2074 11 0 0 0 0 0 0 0 0
2075 11 1 1 0 0 0 0 0 0
2077 11 0 0 0 0 0 0 0 0
2078 11 0 0 0 0 0 0 0 0
2079 11 0 0 0 0 0 0 0 0
2080 11 0 0 0 0 0 0 0 0
2081 11 0 0 0 0 0 0 0 0
2082 11 0 0 0 0 0 0 0 0
2083 11 0 0 0 0 0 0 0 0
2085 1 0 0 1 0 0 0 0 0
2089 1 0 0 0 0 0 0 0 0
2090 1 0 0 0 0 0 0 0 0
2091 1 0 0 0 0 0 0 0 0
2097 1 0 0 0 0 0 0 0 0
2098 1 0 0 0 0 0 0 0 0
2100 2 1 1 0 0 0 0 0 0
2104 1 0 0 0 0 0 0 0 0
2105 1 0 0 0 0 0 0 0 0
2108 1 0 0 1 1 1 0 0 0
2109 1 0 0 1 1 1 0 0 0
2110 1 0 0 0 0 0 0 0 0
2113 1 0 0 0 0 0 0 0 0
2114 1 0 0 0 0 0 0 0 0
2115 1 0 0 0 0 0 0 0 0
2121 1 0 0 0 0 0 0 0 0
2122 1 0 0 0 0 0 0 0 0
2123 1 1 1 0 0 0 0 0 0
2124 1 0 0 0 0 0 0 0 0
2125 1 0 0 0 0 0 0 0 0
2126 1 0 0 0 0 0 0 0 0
2200 5 0 0 0 0 0 0 0 0
2202 35 1 1 0 0 0 0 0 0
2203 35 0 0 0 0 0 0 0 0
2204 35 0 0 0 0 0 0 0 0
2205 35 0 0 0 0 0 0 0 0
2206 93 0 0 0 0 0 0 0 0
2211 171 1 1 0 0 0 0 0 0
2217 171 0 0 171 0 0 0 0 0
2218 171 0 0 171 0 0 0 0 0
2226 171 0 0 0 0 0 0 0 0
2227 171 0 0 171 0 0 0 0 0
fl=/build/glibc-Cl5G7W/glibc-2.23/string/../sysdeps/x86_64/multiarch/strcmp.S
fn=strcasecmp
109 1 1 1 1 0 0 0 0 0
110 1 0 0 0 0 0 0 0 0
111 1 0 0 1 1 0 0 0 0
112 1 0 0 0 0 0 0 0 0
122 1 1 1 1 0 0 0 0 0
fn=strncasecmp
129 1 1 1 1 0 0 0 0 0
130 1 0 0 0 0 0 0 0 0
131 1 1 1 1 0 0 0 0 0
132 1 0 0 0 0 0 0 0 0
142 1 1 1 1 0 0 0 0 0
fl=/build/glibc-Cl5G7W/glibc-2.23/string/../sysdeps/x86_64/multiarch/strcspn.S
fn=strcspn
45 1 1 1 1 0 0 0 0 0
46 1 0 0 0 0 0 0 0 0
47 1 0 0 1 1 0 0 0 0
48 1 0 0 0 0 0 0 0 0
49 1 0 0 0 0 0 0 0 0
50 1 0 0 1 0 0 0 0 0
fn=strpbrk
45 1 1 1 1 0 0 0 0 0
46 1 0 0 0 0 0 0 0 0
47 1 1 1 1 0 0 0 0 0
48 1 0 0 0 0 0 0 0 0
49 1 0 0 0 0 0 0 0 0
50 1 0 0 1 0 0 0 0 0
fl=/build/glibc-Cl5G7W/glibc-2.23/string/../sysdeps/x86_64/multiarch/strspn.S
fn=strspn
30 1 1 1 1 0 0 0 0 0
31 1 0 0 0 0 0 0 0 0
32 1 0 0 1 0 0 0 0 0
33 1 0 0 0 0 0 0 0 0
34 1 0 0 0 0 0 0 0 0
35 1 0 0 1 0 0 0 0 0
fl=/build/glibc-Cl5G7W/glibc-2.23/string/../sysdeps/x86_64/strchr.S
fn=strchrnul
24 3 1 1 0 0 0 0 0 0
25 3 0 0 0 0 0 0 0 0
26 3 0 0 0 0 0 0 0 0
27 3 0 0 0 0 0 0 0 0
28 3 0 0 0 0 0 0 0 0
29 3 0 0 0 0 0 0 0 0
30 3 0 0 0 0 0 0 0 0
31 3 1 1 0 0 0 0 0 0
32 3 0 0 3 2 1 0 0 0
33 3 0 0 0 0 0 0 0 0
34 3 0 0 0 0 0 0 0 0
35 3 0 0 0 0 0 0 0 0
36 3 0 0 0 0 0 0 0 0
37 3 0 0 0 0 0 0 0 0
38 3 0 0 0 0 0 0 0 0
39 3 0 0 0 0 0 0 0 0
40 3 0 0 0 0 0 0 0 0
41 1 0 0 0 0 0 0 0 0
43 1 0 0 0 0 0 0 0 0
50 1 0 0 1 0 0 0 0 0
54 2 0 0 2 0 0 0 0 0
55 2 0 0 0 0 0 0 0 0
56 2 0 0 0 0 0 0 0 0
57 2 1 1 0 0 0 0 0 0
58 2 0 0 0 0 0 0 0 0
59 2 0 0 0 0 0 0 0 0
60 2 0 0 2 0 0 0 0 0
61 2 0 0 0 0 0 0 0 0
62 2 0 0 0 0 0 0 0 0
63 2 0 0 0 0 0 0 0 0
64 2 0 0 0 0 0 0 0 0
65 2 0 0 0 0 0 0 0 0
66 2 0 0 0 0 0 0 0 0
67 2 0 0 2 0 0 0 0 0
68 2 0 0 0 0 0 0 0 0
69 2 0 0 0 0 0 0 0 0
70 2 0 0 0 0 0 0 0 0
71 2 0 0 0 0 0 0 0 0
72 2 0 0 0 0 0 0 0 0
73 2 1 1 0 0 0 0 0 0
74 2 0 0 0 0 0 0 0 0
75 2 0 0 0 0 0 0 0 0
76 2 0 0 0 0 0 0 0 0
77 2 0 0 0 0 0 0 0 0
129 2 1 1 0 0 0 0 0 0
131 2 0 0 0 0 0 0 0 0
138 2 0 0 2 0 0 0 0 0
fl=/build/glibc-Cl5G7W/glibc-2.23/string/../sysdeps/x86_64/strlen.S
fn=strlen
66 18 2 2 0 0 0 0 0 0
67 18 0 0 0 0 0 0 0 0
68 18 0 0 0 0 0 0 0 0
69 18 0 0 0 0 0 0 0 0
70 18 0 0 0 0 0 0 0 0
71 18 0 0 0 0 0 0 0 0
72 18 0 0 0 0 0 0 0 0
74 18 1 1 0 0 0 0 0 0
76 18 0 0 0 0 0 0 0 0
106 17 0 0 17 3 3 0 0 0
107 17 0 0 0 0 0 0 0 0
108 17 1 1 0 0 0 0 0 0
109 17 0 0 0 0 0 0 0 0
110 17 0 0 0 0 0 0 0 0
111 8 0 0 0 0 0 0 0 0
112 8 0 0 8 0 0 0 0 0
116 9 0 0 0 0 0 0 0 0
117 9 0 0 9 0 0 0 0 0
118 9 0 0 9 0 0 0 0 0
119 9 0 0 9 1 1 0 0 0
120 9 0 0 0 0 0 0 0 0
121 9 0 0 0 0 0 0 0 0
122 9 0 0 0 0 0 0 0 0
123 9 0 0 0 0 0 0 0 0
124 9 0 0 0 0 0 0 0 0
125 9 0 0 0 0 0 0 0 0
126 9 0 0 0 0 0 0 0 0
127 9 0 0 0 0 0 0 0 0
132 72 0 0 9 0 0 0 0 0
136 1 1 1 0 0 0 0 0 0
137 14 1 1 4 0 0 0 0 0
138 8 0 0 1 0 0 0 0 0
fl=/build/glibc-Cl5G7W/glibc-2.23/string/../sysdeps/x86_64/strrchr.S
fn=rindex
24 1 1 1 0 0 0 0 0 0
25 1 0 0 0 0 0 0 0 0
26 1 0 0 0 0 0 0 0 0
27 1 0 0 0 0 0 0 0 0
28 1 0 0 0 0 0 0 0 0
29 1 0 0 0 0 0 0 0 0
30 1 0 0 0 0 0 0 0 0
31 1 0 0 0 0 0 0 0 0
32 1 0 0 1 1 0 0 0 0
33 1 0 0 0 0 0 0 0 0
34 1 0 0 0 0 0 0 0 0
35 1 0 0 0 0 0 0 0 0
36 1 0 0 0 0 0 0 0 0
37 1 0 0 0 0 0 0 0 0
38 1 1 1 0 0 0 0 0 0
39 1 0 0 0 0 0 0 0 0
40 1 0 0 0 0 0 0 0 0
41 1 0 0 0 0 0 0 0 0
42 1 0 0 0 0 0 0 0 0
43 1 0 0 0 0 0 0 0 0
44 1 0 0 0 0 0 0 0 0
45 1 0 0 0 0 0 0 0 0
46 1 0 0 0 0 0 0 0 0
47 1 0 0 1 0 0 0 0 0
fl=/build/glibc-Cl5G7W/glibc-2.23/string/strdup.c
fn=strdup
40 20 1 1 0 0 0 10 0 0
41 10 0 0 0 0 0 5 0 0
42 10 0 0 0 0 0 5 0 0
44 10 0 0 0 0 0 0 0 0
47 20 0 0 0 0 0 0 0 0
48 15 0 0 10 0 0 0 0 0
fl=/build/glibc-Cl5G7W/glibc-2.23/time/../sysdeps/generic/dl-hash.h
fn=gettimeofday
45 12 0 0 4 0 0 0 0 0
48 12 0 0 0 0 0 0 0 0
62 16 0 0 0 0 0 0 0 0
fn=time
45 12 0 0 4 1 1 0 0 0
48 12 0 0 0 0 0 0 0 0
62 16 1 1 0 0 0 0 0 0
fl=/build/glibc-Cl5G7W/glibc-2.23/time/../sysdeps/unix/sysv/linux/clock.c
fn=clock
25 2 1 1 0 0 0 0 0 0
34 12 0 0 0 0 0 2 1 0
37 18 1 1 4 0 0 0 0 0
39 6 0 0 2 0 0 0 0 0
fl=/build/glibc-Cl5G7W/glibc-2.23/time/../sysdeps/unix/sysv/linux/x86/gettimeofday.c
fn=gettimeofday
36 1 0 0 0 0 0 0 0 0
37 11 2 2 0 0 0 4 0 0
40 3 1 1 0 0 0 1 0 0
41 3 0 0 0 0 0 0 0 0
42 2 0 0 1 0 0 0 0 0
fl=/build/glibc-Cl5G7W/glibc-2.23/time/../sysdeps/unix/sysv/linux/x86/time.c
fn=time
37 1 0 0 0 0 0 0 0 0
38 11 1 1 0 0 0 4 0 0
41 3 0 0 0 0 0 1 0 0
42 3 1 1 0 0 0 0 0 0
43 2 0 0 1 0 0 0 0 0
fl=/home/mkbera/Desktop/bootcamp/bootcamp2018/day5/practice_example/SOA.c
fn=main
17 3 1 1 0 0 0 1 0 0
20 92164 1 1 61441 0 0 1 0 0
21 122880 0 0 30720 0 0 30720 2371 1920
22 92160 1 1 30720 0 0 30720 2371 1920
23 122880 0 0 30720 0 0 30720 2371 1920
24 122880 0 0 30720 0 0 30720 2371 1920
25 122880 1 1 30720 0 0 30720 2371 1920
26 122880 0 0 30720 0 0 30720 2371 1920
27 122880 0 0 30720 0 0 30720 2371 1920
28 122880 0 0 30720 0 0 30720 2371 1848
35 25165828 0 0 16777217 0 0 1 0 0
36 25165824 0 0 8388608 0 0 8388608 131072 131072
41 1 1 1 0 0 0 1 0 0
42 4 0 0 0 0 0 2 2 2
43 92164 0 0 61441 0 0 1 0 0
44 153600 0 0 92160 1921 1921 0 0 0
46 4 1 1 0 0 0 2 2 0
47 5 0 0 3 1 1 1 0 0
53 8 0 0 3 0 0 2 0 0
54 1 0 0 0 0 0 0 0 0
55 2 0 0 2 1 1 0 0 0
fl=???
fn=???
0 192 24 20 104 8 6 22 2 2
fn=__libc_csu_init
0 34 3 3 8 1 0 8 0 0
fn=_dl_debug_initialize
0 4 0 0 3 0 0 0 0 0
fn=_start
0 11 1 1 1 0 0 3 0 0
fn=memcpy@GLIBC_2.2.5
0 11 2 2 3 0 0 0 0 0
summary: 51798385 1082 1071 25671120 4485 4241 8648243 150665 146930
